Substitution,Proportion_of_mutations
A[C>A]A,0.007921663549345363
A[C>A]C,0.005281109032896908
A[C>A]G,0.003960831774672682
A[C>A]T,0.004290901089228738
C[C>A]A,0.005391132137748928
C[C>A]C,0.00924194080756959
C[C>A]G,0.010012102541533723
C[C>A]T,0.01023214875123776
G[C>A]A,0.012652657057982176
G[C>A]C,0.006711409395973154
G[C>A]G,0.020024205083067445
G[C>A]T,0.009682033226977665
T[C>A]A,0.004400924194080757
T[C>A]C,0.007921663549345363
T[C>A]G,0.011992518428870063
T[C>A]T,0.010782264275497855
A[C>G]A,0.0024205083067444164
A[C>G]C,0.0068214325008251735
A[C>G]G,0.003960831774672682
A[C>G]T,0.0018703927824843217
C[C>G]A,0.0018703927824843217
C[C>G]C,0.0005501155242600946
C[C>G]G,0.0011002310485201893
C[C>G]T,0.0009902079436681704
G[C>G]A,0.0008801848388161514
G[C>G]C,0.0022004620970403786
G[C>G]G,0.001320277258224227
G[C>G]T,0.0025305314115964352
T[C>G]A,0.0006601386291121135
T[C>G]C,0.0
T[C>G]G,0.0017603696776323028
T[C>G]T,0.002970623831004511
A[C>T]A,0.04631972714269997
A[C>T]C,0.02871603036637694
A[C>T]G,0.03542743976235009
A[C>T]T,0.018153812300583123
C[C>T]A,0.048740235449444384
C[C>T]C,0.030146330729453184
C[C>T]G,0.03872813290791066
C[C>T]T,0.04797007371548025
G[C>T]A,0.03883815601276268
G[C>T]C,0.02651556826933656
G[C>T]G,0.04004841016613489
G[C>T]T,0.0244251292771482
T[C>T]A,0.024755198591704258
T[C>T]C,0.021014413026735613
T[C>T]G,0.03179667730223347
T[C>T]T,0.02057432060732754
A[T>A]A,0.0018703927824843217
A[T>A]C,0.0034107162504125868
A[T>A]G,0.0020904389921883597
A[T>A]T,0.00033006931455605677
C[T>A]A,0.002640554516448454
C[T>A]C,0.002970623831004511
C[T>A]G,0.010892287380349874
C[T>A]T,0.0022004620970403786
G[T>A]A,0.0038508086698206623
G[T>A]C,0.001320277258224227
G[T>A]G,0.00517108592804489
G[T>A]T,0.0006601386291121135
T[T>A]A,0.0023104852018923975
T[T>A]C,0.001650346572780284
T[T>A]G,0.0012102541533722082
T[T>A]T,0.0007701617339641324
A[T>C]A,0.012872703267686214
A[T>C]C,0.0068214325008251735
A[T>C]G,0.006601386291121136
A[T>C]T,0.01122235669490593
C[T>C]A,0.014192980525910441
C[T>C]C,0.01331279568709429
C[T>C]G,0.006271316976565079
C[T>C]T,0.01122235669490593
G[T>C]A,0.017823742986027066
G[T>C]C,0.026295522059632523
G[T>C]G,0.015513257784134668
G[T>C]T,0.024755198591704258
T[T>C]A,0.011772472219166025
T[T>C]C,0.008691825283309494
T[T>C]G,0.005391132137748928
T[T>C]T,0.0036307624601166245
A[T>G]A,0.0011002310485201893
A[T>G]C,0.009021894597865551
A[T>G]G,0.0017603696776323028
A[T>G]T,0.0023104852018923975
C[T>G]A,0.0017603696776323028
C[T>G]C,0.008471779073605457
C[T>G]G,0.0018703927824843217
C[T>G]T,0.0030806469358565297
G[T>G]A,0.001430300363076246
G[T>G]C,0.009792056331829684
G[T>G]G,0.009902079436681702
G[T>G]T,0.008361755968753439
T[T>G]A,0.0015403234679282648
T[T>G]C,0.001650346572780284
T[T>G]G,0.001980415887336341
T[T>G]T,0.001650346572780284
