Mutation,Sample,AXA,AXC,AXG,AXT,CXA,CXC,CXG,CXT,GXA,GXC,GXG,GXT,TXA,TXC,TXG,TXT
C>A,M_abscessus_DCCs,0.06605691056910558,0.10060975609756145,0.11483739837398398,0.11585365853658554,0.05487804878048772,0.04471544715447142,0.0599593495934955,0.04878048780487764,0.03455284552845512,0.03150406504065045,0.06402439024390247,0.03455284552845512,0.07113821138211411,0.04471544715447142,0.05284552845528462,0.06097560975609781
C>A,M_abscessus_environmental,0.052247191011235365,0.04446629213483115,0.06042134831460754,0.040112359550561714,0.07558988764045015,0.08533707865168565,0.11912921348314663,0.08303370786516844,0.0625000000000008,0.05581460674157314,0.08348314606741633,0.04626404494382056,0.04932584269662839,0.047078651685393234,0.052331460674156303,0.04286516853932466
C>A,M_tuberculosis_lineage1,0.06549797726834962,0.07320362165286069,0.10043023181146875,0.06280100173376992,0.04116098375393299,0.05355422847235589,0.10608103769344376,0.06825916650613231,0.05734283696140753,0.04315160855326513,0.07500160534258019,0.043280035959673856,0.04263789892763112,0.04218840300520101,0.06710331984845555,0.05830604250947164
C>A,M_tuberculosis_lineage2,0.06269046582498923,0.06639094471049238,0.10339573356552037,0.05354810622551175,0.03918154114061841,0.058989986939486094,0.0696560731388763,0.038963865912058804,0.0787984327383549,0.06116673922507651,0.09294732259468863,0.049412276882890536,0.05311275576839368,0.05572485851110104,0.051371353939921344,0.06464954288202004
C>A,M_tuberculosis_lineage3,0.056962025316455736,0.0745109321058691,0.10817031070195696,0.05955120828538572,0.034522439585730175,0.06070195627157683,0.08256616800920584,0.06530494821634025,0.06070195627157683,0.054660529344073526,0.07968929804372808,0.04631760644418901,0.04746835443037911,0.050057537399309106,0.06012658227848128,0.0586881472957424
C>A,M_tuberculosis_lineage4,0.0670520231213877,0.0670520231213877,0.089113680154143,0.06878612716763015,0.05057803468208044,0.07244701348747597,0.0732177263969173,0.04306358381502904,0.07157996146435418,0.06050096339113631,0.09065510597302567,0.04258188824662793,0.05028901734104022,0.053371868978805574,0.050963391136801116,0.048747591522157546
C>A,M_tuberculosis_lineage5,0.06690887072358445,0.07356948228882805,0.08477141992128352,0.06781713593702701,0.04147744474719921,0.05025734181047544,0.07629427792915573,0.0429912201029368,0.0726612170753864,0.06357856494096265,0.08840448077505285,0.0544959128065398,0.05722070844686656,0.04662428095670612,0.05328489252194973,0.059642749016045805
C>A,M_tuberculosis_lineage6,0.0723822909346449,0.0723822909346449,0.10892480674631079,0.05130007027406911,0.04848910751932499,0.07167955024595972,0.08151791988756159,0.06746310611384439,0.05130007027406911,0.05692199578355564,0.08503162333099087,0.06043569922698494,0.040056219255095185,0.04146170063246639,0.040758959943780364,0.04989458889669705
C>A,M_tuberculosis_lineage7,0.10223642172523971,0.052715654952076384,0.08146964856230038,0.052715654952076384,0.04472843450479252,0.06709265175718879,0.09105431309904197,0.046325878594249456,0.054313099041533315,0.06549520766773186,0.08945686900958504,0.054313099041533315,0.03035143769968012,0.041533546325878655,0.04952076677316251,0.07667731629392957
C>A,M_tuberculosis_orygis,0.042857142857142407,0.07857142857142953,0.05714285714285654,0.038095238095238286,0.03333333333333238,0.049999999999999475,0.07857142857142953,0.023809523809522365,0.09523809523809483,0.07857142857142953,0.11428571428571487,0.045238095238095355,0.06904761904761951,0.04047619047618946,0.07857142857142953,0.07619047619047657
C>A,M_tuberculosis_caprae,0.0458135860979454,0.1011058451816746,0.10426540284360206,0.12954186413902177,0.03159557661927322,0.05213270142180033,0.06003159557661898,0.061611374407582714,0.07740916271722004,0.05371248025276406,0.08372827804107495,0.03949447077409188,0.02369668246445457,0.04107424960505561,0.03159557661927322,0.06319115323854645
C>A,M_tuberculosis_bovis,0.07504544274214495,0.07738249805245415,0.08776941054271616,0.06543754868865267,0.04206699558556231,0.05505063619838902,0.05816670994546795,0.05764736432095534,0.058686055569982194,0.05998441963126453,0.11217865489483338,0.04180732277330519,0.0638795118151132,0.028564009348221363,0.04128797714879258,0.07504544274214495
C>A,M_canettii,0.04935002407318188,0.045979778526720666,0.0712566201251798,0.06764564275397246,0.06764564275397246,0.07294174289841042,0.07655272026961969,0.08016369764082897,0.07534906114588327,0.052961001444391156,0.07799711121810417,0.05946076071256554,0.045739046701974526,0.04501685122773229,0.05103514684641249,0.06090515166105002
C>A,M_leprae,0.06831275720164613,0.10452674897119388,0.10370370370370385,0.055144032921810915,0.034567901234567724,0.04855967078189295,0.044444444444444314,0.02633744855967044,0.05185185185185158,0.05596707818930022,0.0748971193415641,0.06255144032921818,0.059259259259259546,0.05679012345679022,0.08148148148148135,0.07160493827160476
C>A,M_avium,0.0797489121905983,0.04319138312290448,0.06519723232755656,0.04272772665667957,0.08984235680148359,0.08338683215635925,0.08866538269491538,0.07143876168057645,0.0823881874598774,0.06459091233326134,0.0738640416577511,0.053463157143876096,0.047613952493044925,0.036949853769882524,0.034845566730864516,0.04208574078036833
C>A,M_intracellulare,0.06579131163570319,0.047073613633188724,0.06285794105322023,0.04628206919029613,0.09172603249988345,0.07710574102528274,0.0972202821623133,0.07151836848721835,0.08120314755319649,0.060855799227080634,0.07002840247706983,0.051031335847651724,0.048051403827350424,0.03706290450249072,0.037807887507564975,0.054383759370489074
C>A,M_chimaera,0.0933521923620942,0.0707213578500714,0.07637906647807609,0.07637906647807609,0.0707213578500714,0.06647807637906619,0.06647807637906619,0.04950495049504944,0.07779349363507827,0.04950495049504944,0.062234794908062344,0.04243281471004257,0.031117397454030495,0.07355021216407306,0.05091937765205027,0.04243281471004257
C>A,M_kansasii_non_MKMC,0.09018318459370614,0.06012212306247128,0.0681070925317054,0.0509628933771725,0.08478158759981211,0.054955378111789556,0.07703147017379029,0.08102395490840736,0.06622827618600224,0.04156881164866141,0.062235791451385185,0.053546265852512584,0.05260685767966178,0.045326444340066156,0.042977923907938385,0.0683419445749177
C>A,M_kansasii_MKMC,0.10743801652892561,0.07792207792207792,0.10389610389610389,0.07201889020070837,0.05076741440377803,0.05785123966942148,0.06139315230224321,0.04250295159386067,0.0448642266824085,0.03659976387249114,0.051948051948051945,0.0448642266824085,0.04722550177095631,0.051948051948051945,0.06257378984651711,0.08618654073199528
C>A,P_aeruginosa_ST17,0.0591497227356744,0.051756007393715095,0.0591497227356744,0.07763401109057308,0.05545286506469518,0.04436229205175579,0.04436229205175579,0.07393715341959385,0.0369685767097965,0.02772643253234759,0.07024029574861378,0.10166358595194144,0.07024029574861378,0.051756007393715095,0.06284658040665447,0.11275415896487997
C>A,P_aeruginosa_ST111,0.1531791907514455,0.03757225433525982,0.060693641618497565,0.017341040462427296,0.06936416184971121,0.060693641618497565,0.07225433526011543,0.023121387283236733,0.04913294797687869,0.023121387283236733,0.09248554913294794,0.03179190751445038,0.07803468208092487,0.04335260115606925,0.05491329479768813,0.13294797687861298
C>A,P_aeruginosa_ST146,0.022222222222222286,0.06527777777777768,0.040277777777777794,0.058333333333333307,0.04444444444444457,0.029166666666666653,0.052777777777777375,0.030555555555555093,0.07638888888888883,0.06666666666666686,0.10138888888888871,0.058333333333333307,0.08472222222222237,0.049999999999999774,0.0930555555555559,0.12638888888888933
C>A,P_aeruginosa_ST175,0.04932735426009001,0.08520179372197297,0.04932735426009001,0.08071748878923761,0.031390134529147594,0.04484304932735371,0.06278026905829612,0.07174887892376687,0.01793721973094148,0.06278026905829612,0.07174887892376687,0.06726457399103149,0.10313901345291539,0.04484304932735371,0.08968609865470833,0.06726457399103149
C>A,P_aeruginosa_ST253,0.025943396226414867,0.04009433962264148,0.0683962264150947,0.04245283018867867,0.0707547169811319,0.0849056603773585,0.08254716981132132,0.05188679245282973,0.07311320754717024,0.04245283018867867,0.08254716981132132,0.05660377358490527,0.0990566037735851,0.030660377358490407,0.06603773584905635,0.08254716981132132
C>A,B_cenocepacia_ECs,0.09818181818181852,0.06909090909090987,0.050909090909091355,0.13454545454545555,0.10909090909090986,0.018181818181817303,0.07272727272727285,0.01090909090909014,0.04363636363636298,0.050909090909091355,0.06545454545454568,0.029090909090908654,0.061818181818181495,0.061818181818181495,0.03636363636363582,0.08727272727272718
C>A,B_pseudomallei_group1,0.023516237402014546,0.057670772676370455,0.055431131019035594,0.022956326987681592,0.08006718924971909,0.10078387458006886,0.12094064949608264,0.10974244120940832,0.05879059350503941,0.07278835386338155,0.07502799552071641,0.06774916013437887,0.022956326987681592,0.049272116461367,0.02743561030235132,0.05487122060470264
C>A,B_pseudomallei_group2,0.033041788143828736,0.0896663427275665,0.037123420796889635,0.07735665694849476,0.10858438613540836,0.17693553611921156,0.04988662131519197,0.09199870424360372,0.03343051506316787,0.05811467444120525,0.02876579203109827,0.036993845157109115,0.024425008098476333,0.08513119533527741,0.022546161321669714,0.045999352121800646
C>A,B_pseudomallei_group3,0.04662756598240358,0.10821114369501504,0.024926686217009112,0.03577712609970635,0.10703812316715691,0.23225806451613154,0.0648093841642237,0.07214076246334417,0.044868035190616405,0.06803519061583593,0.029032258064514937,0.031964809384162636,0.01906158357771129,0.06715542521994233,0.017008797653957172,0.031085043988269053
C>A,B_pseudomallei_group4,0.060880983645695705,0.08439775575981953,0.03139548764474039,0.051808523337710397,0.11877760534797813,0.20699534439537026,0.04751104213919027,0.08965023278023221,0.03246985794437104,0.052763519159602944,0.02996299391190035,0.037364211531574314,0.02817237674585091,0.07281843141936355,0.020890533603915046,0.034141100632684836
C>A,B_pseudomallei_group5,0.06345639379347226,0.09448903156768541,0.043124665596574324,0.06099518459069123,0.13483146067416021,0.19143927233815186,0.05286249331193155,0.08368111289459565,0.04430176565007885,0.059925093632958684,0.027501337613697045,0.027394328517922513,0.023970037453183473,0.05831995719636114,0.01359015516318673,0.02011771000534887
C>A,S_pneumoniae_GPSC1,0.03978611564255897,0.04105492115280027,0.026554286750045137,0.02419793365959749,0.06697480514772508,0.043592532173282204,0.06860612651803495,0.06380279137212284,0.08455682436106567,0.06760920790284607,0.08600688780134125,0.08229110023563549,0.05691499003081417,0.05301794453507346,0.10132318288925163,0.09371034982780517
C>A,S_pneumoniae_GPSC2,0.03407400297547631,0.03493785093823485,0.012189854585592888,0.03978499784037988,0.05432643854681591,0.049239333877237466,0.055190286509574464,0.06334885060229398,0.06128521380237067,0.060757306714018355,0.06958775255555034,0.12900129577194425,0.061669146230263296,0.0671881748812208,0.09396746172673612,0.11345203244229046
C>A,S_pneumoniae_GPSC3,0.03582297742835364,0.03062389043875193,0.015977681968044673,0.034428100431143485,0.055097641389804865,0.04381181841237629,0.049010905401978,0.057697184884605734,0.0699340603601322,0.07881055034237876,0.09092061881815913,0.15546538168906957,0.05268830839462347,0.053575957392848005,0.07950798884098384,0.09662693380674647
C>A,S_pneumoniae_GPSC6,0.02323904158987099,0.04559660229185041,0.022277426075807037,0.021956887571119497,0.060501642759836695,0.05929962336725692,0.07829152977001351,0.05008414135748065,0.0808558378075165,0.07051847103133282,0.08686593477041471,0.08574405000400664,0.06386729705905887,0.06106258514304006,0.09167401234073247,0.09816491706066233
C>A,S_pneumoniae_GPSC54,0.03319171534784897,0.023632501327668202,0.02734997344662728,0.02097716409984075,0.052575677110993244,0.06107275624004238,0.10886882634094558,0.034519383961763336,0.0817843866171004,0.04248539564524699,0.07567711099309596,0.07833244822092406,0.04992033988316515,0.07063197026022315,0.13436006372809364,0.10462028677642102
C>A,S_agalactiae_CC1,0.0314324202963627,0.06544678940278412,0.033789851818590025,0.04546475078581034,0.05298607992815451,0.0423215087561743,0.09025594970812766,0.05422092501122601,0.09631791647956893,0.06937584193982946,0.06859003143242016,0.10810507409070552,0.03973955994611559,0.04422990570273883,0.08116299955096548,0.07656039515042654
C>A,S_agalactiae_CC10,0.034413765506202496,0.08563425370148066,0.03953581432573031,0.04937975190076005,0.06098439375750284,0.027771108443377414,0.07418967587034797,0.06322529011604623,0.0923569427771108,0.07282913165266144,0.07899159663865557,0.09555822328931608,0.04689875950380151,0.03761504601840714,0.06242496998799506,0.07819127651060441
C>A,S_agalactiae_CC17,0.03669375920908796,0.04829126859641632,0.03296259327914821,0.0502400304196968,0.04306288321688274,0.036812586149531625,0.13085222681686437,0.05423261561861293,0.065972717334474,0.06996530253339012,0.08522268168639213,0.09598840249061268,0.044678929606920215,0.043157944769237885,0.07840201530491014,0.08346404296782195
C>A,S_agalactiae_CC19,0.042091302526874104,0.062473823816836783,0.028723998324724213,0.053120201033086414,0.04771045651263421,0.026978919447159008,0.06289264274745195,0.049804551165712585,0.11343012704174281,0.07081530085159832,0.0797850062822842,0.11088231188049731,0.04502303504118345,0.04739634231467236,0.07406114756387015,0.08481083344967193
C>A,S_agalactiae_CC23,0.02715202148291791,0.0622109503207517,0.02394450246158434,0.053632701775324504,0.05549753841563481,0.03945994330896573,0.057735342384007314,0.051096523944502245,0.08227659257049115,0.06355363270177557,0.10174548709533049,0.12919588244069877,0.05087274354766493,0.051469491272564435,0.07317618976577689,0.07698045651200934
C>A,S_equi,0.05442176870748284,0.02721088435374142,0.07730364873222019,0.04761904761904748,0.07297464440321612,0.05009276437847877,0.07297464440321612,0.03710575139146519,0.07421150278293177,0.09585652442795348,0.09585652442795348,0.0507111935683359,0.02411873840445162,0.04761904761904748,0.09523809523809496,0.07668521954236306
C>A,S_pyogenes_phylogroup0,0.018387553041018384,0.0682461103253184,0.03394625176803376,0.042786421499292876,0.05339462517680318,0.06966053748231951,0.08345120226308368,0.046676096181046914,0.06647807637906641,0.038189533239037884,0.08380480905233377,0.0760254596888257,0.05940594059405928,0.09335219236209383,0.08981612446958988,0.07637906647807656
C>A,S_pyogenes_phylogroup1,0.07692307692307701,0.04761904761904794,0.023443223443222787,0.02783882783882778,0.05201465201465179,0.04835164835164801,0.08791208791208834,0.04835164835164801,0.08351648351648334,0.04468864468864423,0.08791208791208834,0.0791208791208795,0.04542124542124545,0.09304029304029339,0.06666666666666689,0.08717948717948712
C>A,S_pyogenes_phylogroup2,0.08616780045351534,0.02380952380952317,0.01700680272108833,0.05102040816326498,0.019274376417233275,0.04875283446712004,0.06462585034013589,0.06122448979591847,0.13492063492063536,0.10090702947845873,0.0,0.07256235827664442,0.02721088435374059,0.12471655328798188,0.0782312925170068,0.08956916099773277
C>A,S_pyogenes_phylogroup3,0.038158440481128035,0.02778929904603861,0.042306097055163805,0.04106180008295308,0.06511820821236002,0.019079220240564018,0.06636250518457075,0.05267523849025323,0.05931148900870994,0.09373703857320631,0.010783907092492474,0.08336789713811689,0.06470344255495644,0.08253836582331026,0.11281625881377032,0.14019079220240588
C>A,S_aureus_ST22,0.05443940375891088,0.05098293367898016,0.03910131777921798,0.057895873838842316,0.02376323179952436,0.05962410887880733,0.0682652840786345,0.057031756318859456,0.06588896089868235,0.07517822423849665,0.0652408727586952,0.09462086843810814,0.05271116871894587,0.07777057679844453,0.061136314538777325,0.09634910347807314
C>A,S_aureus_ST239,0.0488621151271752,0.06938866577420777,0.05087014725568941,0.052431950022311304,0.035921463632307145,0.05667112896028526,0.07719767960731842,0.02632753235162843,0.07474341811691192,0.0885765283355646,0.07452030343596636,0.07161981258366813,0.05332440874609533,0.0763052208835344,0.06871932173136991,0.07452030343596636
C>A,S_aureus_ST772,0.0660471765546821,0.0444603288062904,0.061186561829878146,0.051465332380271685,0.04102930664760538,0.08477483917083667,0.08191565403859878,0.04374553252323056,0.06461758398856317,0.11679771265189469,0.052180128663330785,0.0830593280914938,0.04102930664760538,0.05732666190135796,0.04331665475339539,0.06704789135096516
C>A,S_aureus_CC398,0.054668662176768655,0.06150744158975609,0.053275962417893015,0.05874282863557014,0.047788309636650525,0.04053379895235727,0.07065352955849356,0.05098944042570897,0.07747152240791563,0.05707990355034485,0.09262492724702755,0.09393448075164243,0.045481001080901126,0.05955350461461711,0.0641473351625512,0.07154735179180195
C>A,S_epidermidis_groupA,0.0586110747235063,0.04923554840279204,0.06345790369968363,0.05793738420944263,0.0462413683402884,0.07541591032430744,0.07122405823680236,0.04736418586372761,0.06579710687351434,0.07244044388719455,0.08110485244306366,0.07640773247001152,0.047495181241462056,0.05041450680240276,0.08707449894268021,0.04977824353912057
C>A,S_epidermidis_groupB,0.04668272674002203,0.039016211992968175,0.05418647047333787,0.04140894589491504,0.043411029363890664,0.0660687544762028,0.13184452112767797,0.04235301777459474,0.0535353864183866,0.08560127612474819,0.12053193567289569,0.05915098639234303,0.03955335633830323,0.045673546454847114,0.09124943030145222,0.03973240445341466
C>A,S_epidermidis_groupC,0.0454150605353168,0.03748846300016288,0.0627341332319884,0.04845539931592397,0.046229436994407784,0.07370106954774946,0.11374124545306494,0.041858949997284914,0.05377599218198589,0.06544872142895916,0.12302513708670465,0.057549269775775375,0.04204897117107322,0.052337260437591404,0.09655790216624142,0.03963298767576955
C>A,S_haemolyticus,0.048398938272999514,0.04907663635850241,0.05336872423335383,0.06539786525103064,0.03241655842322239,0.06935110408313094,0.09724967526966717,0.04907663635850241,0.056305415937200134,0.07629750945953576,0.1091093917659681,0.08318743999548238,0.03478850172248217,0.04207375614163875,0.07923420116338206,0.054667645563901426
C>A,S_typhimurium,0.043945545736804176,0.04991640792930494,0.03415333174110345,0.0329591593026033,0.03463100071650311,0.05779794602340569,0.07260568426080719,0.06687365655600659,0.08287556723190824,0.05039407690470527,0.14736087891091518,0.06185813231430648,0.048005732027704966,0.05326009075710524,0.08144256030570791,0.08192022928110824
C>A,E_faecalis_pp2,0.07416687546980687,0.08469055374592827,0.04835880731646223,0.0501127536958156,0.07291405662741177,0.04159358556752673,0.053119518917564654,0.03207216236532187,0.06815334502630933,0.088950137810073,0.08769731896767731,0.08093209721874237,0.05662741167627141,0.05662741167627141,0.05762966675018794,0.046354297168629155
C>A,E_faecalis_pp6,0.07362377575143517,0.0651806822019588,0.07868963188112141,0.052347180006754326,0.050320837554879934,0.05099628503883807,0.07159743329956078,0.05268490374873366,0.07868963188112141,0.05065856129685926,0.12901046943600133,0.05471124620060804,0.04356636271529864,0.049983113812901124,0.045930428909152346,0.052009456264775523
C>A,E_faecalis_pp7,0.04094631483166513,0.08795875037913291,0.04124962086745526,0.0682438580527754,0.05550500454959039,0.0457992114043067,0.0682438580527754,0.052775250227479746,0.08462238398544145,0.0794661813770092,0.09978768577494697,0.0724901425538367,0.04852896572641789,0.05671822869275091,0.04640582347588696,0.05125872004852908
C>A,C_jejuni_cluster2,0.04873857689603895,0.024369288448018122,0.04983207060845171,0.022885261266889213,0.08037178786221948,0.0473326564086538,0.22432242443177783,0.029211903460126396,0.0667031164570815,0.018901819885962394,0.10989611809732365,0.05389361868312229,0.06529719596969366,0.030617823947511544,0.09341560571741,0.03421073185971951
C>A,C_jejuni_cluster5,0.03962175219466224,0.011046956931595618,0.04321569551640806,0.026925116361277902,0.0633358864078237,0.06781358628409949,0.17598538855830148,0.03381841748659565,0.06407235020326396,0.02966476168031501,0.17781181877099012,0.04062334295646066,0.06274671537147314,0.017321628468744313,0.1169504507158426,0.029046132092145963
C>A,C_jejuni_cluster6,0.09116409537166839,0.0289855072463751,0.0,0.07246376811594253,0.05329593267882192,0.08508648901355909,0.1612903225806468,0.0350631136044876,0.05282842449742718,0.03786816269284648,0.10612435717625228,0.05282842449742718,0.04254324450677795,0.07854137447405503,0.10191678354371236,0.0
C>A,C_jejuni_cluster7,0.0375612994410758,0.01805255155577374,0.04096622909394675,0.027710559564853368,0.0690622523930885,0.07133220549500062,0.20174743559543787,0.029402317065334305,0.06002526928924709,0.030194659185814585,0.16131657279910966,0.0500460415015952,0.04447823200633808,0.015589866586718832,0.12109985652183339,0.02141465190483209
C>A,C_jejuni_cluster8,0.0414010624169975,0.011387782204513036,0.02964807436918849,0.024634794156706982,0.056208499335988676,0.08847941567065103,0.2288512616201899,0.0323041168658685,0.062051792828685746,0.036122177954846194,0.14916998671978934,0.05139442231075694,0.05335325365205888,0.026029216467463152,0.0848605577689257,0.024103585657369947
C>A,K_pneumoniae_ST11,0.08556782334384878,0.05283911671924294,0.04495268138801247,0.055205047318612074,0.06979495268138786,0.06585173501577321,0.06151419558359645,0.05323343848580447,0.06782334384858024,0.04771293375394314,0.0690063091482648,0.05126182965299685,0.06861198738170328,0.06427444794952712,0.04100946372239724,0.10134069400630913
C>A,K_pneumoniae_ST23,0.046700285025213534,0.043630782723086965,0.04099978074983518,0.02894102170576597,0.0526200394650296,0.03990352992764729,0.07037930278447715,0.053277789958342696,0.06818680114010078,0.04165753124314828,0.07827230870423191,0.05393554045165518,0.09055031791273882,0.0648980486735365,0.09076956807717652,0.13527735145801367
C>A,K_pneumoniae_ST101,0.07798833819241992,0.047011661807580186,0.05575801749271142,0.04883381924198261,0.060495626822157436,0.0834548104956267,0.0663265306122451,0.061953352769679476,0.06304664723032063,0.04154518950437291,0.059402332361515785,0.0466472303206998,0.07325072886297392,0.06086005830903782,0.052842565597667354,0.1005830903790088
C>A,K_pneumoniae_ST147,0.08235804074555707,0.058951018638924976,0.06675335934113567,0.0520156046814043,0.04898136107498923,0.06198526224534005,0.0680537494581707,0.07325530992631134,0.06111833550065003,0.04681404421326417,0.049848287819679246,0.06978760294755075,0.06848721283051572,0.0476809709579542,0.05765062852188994,0.08625921109666267
C>A,K_pneumoniae_ST258_512,0.07756579863528774,0.05653808661746275,0.05096783177830376,0.04804344798774513,0.05876618855312645,0.058348419440189286,0.06350090516641112,0.0669823144408858,0.06614677621501197,0.05417072831082017,0.0570951121013788,0.058348419440189286,0.07310959476396034,0.0636401615373905,0.07143851831221269,0.07533769669962403
C>A,N_gonorrhoea,0.06570676701981228,0.037318825759125,0.054485212909559724,0.05272630588620293,0.05899837744235787,0.06317066852101881,0.07399680942446894,0.0686382787254063,0.07934170518536712,0.05575326215895553,0.10517991300909461,0.09832153911182014,0.050803779604859774,0.03354194788726647,0.03243751789585518,0.06957908945882936
C>A,N_meningitidis_cluster1,0.037979797979798106,0.042222222222221786,0.044848484848484964,0.03717171717171736,0.0428282828282826,0.10646464646464666,0.07454545454545466,0.044242424242424146,0.09797979797979832,0.04444444444444409,0.1814141414141422,0.044848484848484964,0.06242424242424246,0.0395959595959596,0.035555555555554876,0.06343434343434315
C>A,N_meningitidis_cluster2,0.04645048203330327,0.03549517966695812,0.04250657318141991,0.026292725679228093,0.06397896581945708,0.09465381244522429,0.11744084136722215,0.02585451358457497,0.09202453987730029,0.04688869412795771,0.14855390008764377,0.0482033304119197,0.06836108676599488,0.03724802804557324,0.04688869412795771,0.059158632778264844
C>A,N_meningitidis_urethritis,0.0,0.08640000000000018,0.011199999999998963,0.02239999999999929,0.062399999999999685,0.12000000000000116,0.07040000000000031,0.060799999999999826,0.07679999999999972,0.09920000000000036,0.18240000000000223,0.07840000000000094,0.03839999999999917,0.012799999999998814,0.04000000000000039,0.03839999999999917
C>A,L_pneumophila_ST1,0.04756479635431473,0.03816576473939026,0.04557106237539182,0.04158359441754447,0.06009683850754761,0.1181999430361723,0.07832526345770419,0.0828823696952439,0.06750213614354918,0.04727997721446892,0.11278837937909442,0.056394189689546834,0.04727997721446892,0.04414696667616051,0.06664767872401024,0.04557106237539182
C>A,L_pneumophila_environmental,0.054747474747474205,0.045858585858585627,0.06969696969696973,0.03818181818181844,0.06686868686868713,0.059999999999999575,0.13858585858585884,0.06060606060606075,0.050303030303030405,0.052121212121212,0.09212121212121205,0.059393939393939374,0.0484848484848488,0.03919191919191944,0.08747474747474784,0.036363636363635876
C>A,Y_pestis,0.036332767402376974,0.0444821731748728,0.031918505942274855,0.02580645161290287,0.08726655348047525,0.03327674023769074,0.06994906621392218,0.06791171477079787,0.06281833616298826,0.03395585738539869,0.09202037351443135,0.0468590831918506,0.09337860780984723,0.035993208828523006,0.1348047538200343,0.10322580645161292
C>A,C_acnes,0.08842138563745597,0.06469471686175281,0.06255931667193955,0.06825371717810878,0.05923758304334098,0.048323315406517325,0.0707845618475166,0.04508067067383733,0.08462511863334425,0.048797848782030466,0.06991458399240724,0.06058209427396347,0.06081936096172086,0.04595064852894668,0.05931667193925956,0.06263840556785813
C>A,E_coli_lineage11,0.058123817247904545,0.04217356042173567,0.04487699378210315,0.07245201405785334,0.033522573668559194,0.053257637199242945,0.08299540416328727,0.07623682076236822,0.05055420383887547,0.04893214382265471,0.07812922411462567,0.08056231413895645,0.06758583400919176,0.04460665044606647,0.07028926736955922,0.09570154095701598
C>A,E_coli_lineage12,0.049731737515476264,0.04828724721419741,0.03982666116384619,0.0635575732562935,0.06747833264548068,0.05819232356582748,0.07758976475443664,0.06087494841106089,0.06995460173338819,0.04003301692117208,0.10152703260420985,0.06335121749896842,0.05881139083780436,0.041890218737102726,0.06727197688815557,0.09162195625257978
C>A,E_coli_lineage14,0.0454696315964156,0.049120477928974386,0.024892134085628945,0.0454696315964156,0.05476269498838368,0.05243942914039189,0.09757716561566528,0.050116163292399166,0.06505144374377654,0.044142051111848594,0.1370726850315303,0.06106870229007647,0.05808164619980118,0.0467972120809826,0.09027547295054769,0.07766345834716211
C>A,E_coli_lineage34,0.07282535401213788,0.04652730950775437,0.041807147673634144,0.06877950101146306,0.05799055967633182,0.0552933243425486,0.08631153068105232,0.0815913688469321,0.05192178017531999,0.04248145650708036,0.10182063385030378,0.04855023600809138,0.05124747134187459,0.031018206338502913,0.06945380984490926,0.09238031018206334
C>A,S_sonnei_lineage1,0.07100591715976352,0.07100591715976352,0.05128205128205104,0.10256410256410296,0.033530571992110604,0.05719921104536451,0.10848126232741645,0.09270216962524627,0.03944773175542408,0.03550295857988176,0.09270216962524627,0.05128205128205104,0.06706114398422121,0.025641025641025068,0.033530571992110604,0.06706114398422121
C>A,S_sonnei_lineage2,0.03407155025553594,0.06643952299829682,0.04429301533219788,0.008517887563883407,0.042589437819420504,0.10051107325383393,0.09880749574105654,0.06473594548551945,0.07325383304940401,0.052810902896081285,0.09880749574105654,0.03918228279386691,0.07155025553662664,0.06473594548551945,0.08177172061328858,0.05792163543441226
C>A,S_sonnei_lineage3,0.04143862392494096,0.08131352619233756,0.035965598123533817,0.021892103205629312,0.04847537138389321,0.08835027365129056,0.10789679437060219,0.021892103205629312,0.07896794370602063,0.04847537138389321,0.0953870211102428,0.03831118060985148,0.07271305707584018,0.04612978889757629,0.08053166536356574,0.09225957779515258
C>A,S_flexneri_PG3,0.03287197231833905,0.0653114186851213,0.024437716262975317,0.024437716262975317,0.04628027681660906,0.09904844290657472,0.10012975778546748,0.05557958477508639,0.057309688581315125,0.06682525951557086,0.12435121107266439,0.062499999999999806,0.0456314878892731,0.035034602076124584,0.08239619377162641,0.07785467128027694
C>A,H_influenzae_Hib,0.08233276157804448,0.025157232704402403,0.012578616352201201,0.017724413950828494,0.04402515723270421,0.07089765580331658,0.1429388221841056,0.016580903373356052,0.07375643224699811,0.021154945683247557,0.14522584333905136,0.05946255002858782,0.06918238993710661,0.040594625500286016,0.11206403659233839,0.06632361349342507
