Mutation,Sample,AXA,AXC,AXG,AXT,CXA,CXC,CXG,CXT,GXA,GXC,GXG,GXT,TXA,TXC,TXG,TXT
C>G,M_abscessus_DCCs,0.06256983240223452,0.07150837988826826,0.05921787709497218,0.056983240223463946,0.052513966480446664,0.07262569832402238,0.09832402234636865,0.04469273743016787,0.052513966480446664,0.05474860335195489,0.049162011173184327,0.07039106145251414,0.06592178770949686,0.07709497206703966,0.06368715083798863,0.04804469273743021
C>G,M_abscessus_environmental,0.051568009195259314,0.036874233081187736,0.06042155294263817,0.04113014709308568,0.09793261987232287,0.08940525931563652,0.11624547614979662,0.07516192665537993,0.04563458163122622,0.04892747860393587,0.05048073189294973,0.036656777620726055,0.07534831705006188,0.05349404327363706,0.07009832093319475,0.050620524688961485
C>G,M_tuberculosis_lineage1,0.03789139912802243,0.0623860483551329,0.041617122473246074,0.06547760602457386,0.07102655568767312,0.11256440745144677,0.07443519619500598,0.0951248513674204,0.043757431629012467,0.057233452239397964,0.04185493460166444,0.05485533095521209,0.0552516845025764,0.07158145065398339,0.04613555291319834,0.0688069758224332
C>G,M_tuberculosis_lineage2,0.03452222010299427,0.072286858668701,0.049208468434102454,0.06961663169940899,0.07991607858096582,0.09536524890329957,0.07896242609193209,0.08868968148006949,0.03700171657448016,0.05302307839023435,0.05092504291436175,0.07095174518405499,0.05264161739462106,0.04787335494945644,0.04005340453938548,0.07896242609193209
C>G,M_tuberculosis_lineage3,0.0356674534487278,0.07054812483608747,0.03855232100708101,0.05218987673747707,0.07894046682402316,0.09467610805140335,0.07317073170731675,0.0781536847626541,0.050878573301861976,0.07631785995279296,0.06136900078678181,0.05481248360870726,0.05323891948596914,0.05323891948596914,0.05218987673747707,0.07605559926566995
C>G,M_tuberculosis_lineage4,0.042596667714555156,0.06405218484753267,0.04739075762338883,0.05988682804149604,0.07584093052499195,0.10122602955045619,0.06986796604841233,0.08778685947815207,0.04762653253693784,0.05580006287331026,0.04629047469349287,0.054464005029864405,0.050298648223828665,0.06876768311851637,0.049276956931782676,0.07882741276328176
C>G,M_tuberculosis_lineage5,0.03326810176125214,0.056425309849967124,0.04240052185257672,0.0704500978473585,0.08121330724070469,0.09295499021526445,0.0733855185909982,0.09132420091324185,0.03718199608610539,0.06229615133724749,0.046314416177429964,0.05870841487279876,0.05251141552511387,0.07599478147423337,0.056099151989562605,0.06947162426614495
C>G,M_tuberculosis_lineage6,0.05780933062880375,0.08620689655172478,0.07200811359026366,0.08215010141987804,0.06490872210953308,0.056795131845842055,0.05780933062880375,0.05780933062880375,0.03752535496957374,0.08316430020283973,0.058823529411764205,0.03448275862068991,0.08722109533468524,0.046653144016226444,0.0446247464503043,0.07200811359026366
C>G,M_tuberculosis_lineage7,0.03508771929824579,0.10526315789473738,0.026315789473683973,0.09649122807017556,0.07309941520467886,0.03508771929824579,0.07017543859649158,0.043859649122806134,0.06725146198830431,0.04970760233918067,0.04970760233918067,0.10818713450292465,0.07017543859649158,0.09941520467836283,0.0467836257309934,0.0233918128654967
C>G,M_tuberculosis_orygis,0.06300268096514708,0.06568364611260079,0.05630026809651482,0.0991957104557641,0.06434316353887394,0.08847184986595229,0.05898123324396752,0.10455764075067052,0.06568364611260079,0.0482573726541557,0.04691689008042885,0.03351206434316332,0.03887399463806973,0.04021447721179558,0.03887399463806973,0.08713136729222543
C>G,M_tuberculosis_caprae,0.041310541310540606,0.03276353276353295,0.0427350427350421,0.05840455840455845,0.09686609686609736,0.11965811965811989,0.0641025641025644,0.034188034188034434,0.04843304843304804,0.05982905982905994,0.045584045584045066,0.04415954415954358,0.08974358974358992,0.04843304843304804,0.05840455840455845,0.1153846153846167
C>G,M_tuberculosis_bovis,0.047739754964089824,0.07139839459231087,0.05766793409378888,0.05513307984790914,0.06780735107731313,0.07541191381495632,0.06569497253907848,0.06527249683143208,0.05428812843261501,0.0768905787917194,0.048373468525560084,0.05365441487114475,0.053020701309674484,0.058090409801436614,0.061470215462610486,0.08808618504436032
C>G,M_canettii,0.048936750272628386,0.04034896401308543,0.059978189749181905,0.05902399127589947,0.0869683751363144,0.07865321701199594,0.10291712104689231,0.07456379498364282,0.04839149400218051,0.0512540894220278,0.046346782988004494,0.05234460196292247,0.06652126499454775,0.06297709923664142,0.06365866957470047,0.057115594329334614
C>G,M_leprae,0.04905660377358457,0.09559748427673012,0.04905660377358457,0.05031446540880515,0.04276729559748378,0.09433962264150952,0.05031446540880515,0.0327044025157234,0.0654088050314468,0.070440251572327,0.11823899371069206,0.020125786163521845,0.09685534591194962,0.05786163522012544,0.07672955974842778,0.030188679245283307
C>G,M_avium,0.05034555254858968,0.03755228019950357,0.050222540314463576,0.026693654805305278,0.10702064368947267,0.10329672787457249,0.1064391313099688,0.07653597548701649,0.043624611393169324,0.05001006463733737,0.05313010221198365,0.04044865916664765,0.07840352485965425,0.05468452953411913,0.06769027756033211,0.05390172440786372
C>G,M_intracellulare,0.047444228767546864,0.03288603820294265,0.04885081722789544,0.02263200832700324,0.10991082229161393,0.10068360199172945,0.11179565082848104,0.07995048808619584,0.04778180999803099,0.05266267195543919,0.05042619630348543,0.04060820885025436,0.07519621909021887,0.05433651222325339,0.061636706332461245,0.06319801952344806
C>G,M_chimaera,0.03732950466618763,0.04737975592246966,0.04307250538406308,0.038765254845656495,0.10409188801148657,0.10050251256281408,0.09188801148600159,0.07465900933237596,0.03732950466618763,0.06389088298636053,0.04379038047379716,0.05958363244795395,0.07322325915290778,0.06676238334529826,0.06173725771715758,0.055994256999282135
C>G,M_kansasii_non_MKMC,0.04939542063287862,0.04309235914587039,0.056856187290970195,0.045922305119629414,0.08837149472600962,0.09171597633136096,0.08759969127862156,0.0993053768973504,0.05055312580396197,0.05441214304090562,0.047208644198610636,0.05428350913300775,0.04579367121173154,0.06444558785695878,0.05930023154103391,0.06174427579109849
C>G,M_kansasii_MKMC,0.027995520716685332,0.05375139977603584,0.0671892497200448,0.055991041433370664,0.07726763717805152,0.05487122060470326,0.08286674132138858,0.10974244120940652,0.030235162374020158,0.06270996640537516,0.052631578947368425,0.05487122060470326,0.08846584546472565,0.061590145576707736,0.0761478163493841,0.04367301231802912
C>G,P_aeruginosa_ST17,0.01930501930501888,0.1467181467181478,0.11196911196911348,0.023166023166022297,0.04247104247104298,0.027027027027025714,0.034749034749034347,0.05405405405405323,0.050193050193049815,0.06949806949806869,0.08880308880308938,0.06177606177606187,0.10424710424710484,0.057915057915058445,0.050193050193049815,0.057915057915058445
C>G,P_aeruginosa_ST111,0.09356725146198794,0.11111111111111248,0.04678362573099397,0.07017543859649199,0.07602339181286545,0.05847953216374298,0.052631578947367454,0.081871345029241,0.052631578947367454,0.04678362573099397,0.06432748538011646,0.023391812865495965,0.04678362573099397,0.04678362573099397,0.0409356725146205,0.08771929824561446
C>G,P_aeruginosa_ST146,0.053359683794465845,0.13043478260869626,0.07312252964426913,0.09486166007905202,0.07114624505928849,0.061264822134387366,0.031620553359684,0.051383399209486244,0.04743083003952601,0.07509881422924873,0.037549407114623845,0.08300395256917024,0.029644268774703362,0.07707509881422937,0.043478260869564724,0.03952569169960449
C>G,P_aeruginosa_ST175,0.08556149732620338,0.08021390374331573,0.1283422459893056,0.0641711229946528,0.048128342245988776,0.07486631016042809,0.09090909090909102,0.032085561497325846,0.03743315508021349,0.0641711229946528,0.08556149732620338,0.03743315508021349,0.021390374331550565,0.053475935828876414,0.016042780748662923,0.08021390374331573
C>G,P_aeruginosa_ST253,0.05111821086261932,0.07348242811501678,0.11182108626198246,0.01916932907348125,0.0830670926517574,0.0830670926517574,0.04792332268370632,0.03833865814696409,0.07667731629392978,0.07028753993610216,0.07028753993610216,0.05750798722044694,0.04792332268370632,0.0830670926517574,0.054313099041533926,0.03194888178913648
C>G,B_cenocepacia_ECs,0.03273809523809508,0.06250000000000025,0.04761904761904767,0.09226190476190442,0.07142857142857101,0.16071428571428648,0.09523809523809534,0.056547619047619416,0.023809523809523336,0.06250000000000025,0.044642857142856755,0.06845238095238108,0.026785714285714253,0.06845238095238108,0.029761904761904174,0.056547619047619416
C>G,B_pseudomallei_group1,0.050798722044729176,0.04440894568689993,0.04121405750798704,0.01725239616613342,0.12364217252396285,0.18402555910543245,0.11182108626198238,0.1127795527156552,0.018530351437698923,0.06549520766773159,0.03833865814696509,0.018210862619807984,0.03578274760383408,0.05814696485622951,0.03258785942491946,0.04696485623003094
C>G,B_pseudomallei_group2,0.03557485634074629,0.09545115585384158,0.031319910514540354,0.03987366758784038,0.09580207922095016,0.1958591042681079,0.052155985436680194,0.10352239329736361,0.03798745448962477,0.06149932008597699,0.029477562837214547,0.04268105452471726,0.03360091240075435,0.07461508093170173,0.022239768390577452,0.04833969381936245
C>G,B_pseudomallei_group3,0.026692291266281427,0.08263933376041022,0.024556907964979127,0.031817211189408015,0.1360239162929766,0.2600896860986578,0.06320734571855591,0.10100363015161248,0.02733290625667335,0.072175955584027,0.030322442878495875,0.039931667734358876,0.01644245142003002,0.05765534913516922,0.021353833013024792,0.008755071535339269
C>G,B_pseudomallei_group4,0.02965588794743121,0.07055161680788577,0.0409821891751676,0.04694795089054118,0.1257132975964052,0.21666954867715907,0.05291371260591299,0.08507694968009685,0.042711395469479836,0.060868061559745036,0.026975618191248923,0.0416738716928932,0.02749438007954313,0.08213729897976836,0.02066401521701431,0.02896420542970738
C>G,B_pseudomallei_group5,0.0324131513647633,0.07405397022332454,0.040555210918113434,0.04419975186104254,0.11553970223325219,0.19626240694789335,0.0697115384615389,0.09491315136476444,0.027527915632754692,0.06901364764268052,0.0321029776674925,0.030707196029775754,0.026519851116625522,0.0787065756823828,0.028535980148882017,0.03923697270471346
C>G,S_pneumoniae_GPSC1,0.061323292092522255,0.1054330285099531,0.08284023668639144,0.0580957504034409,0.05755782678859663,0.16137708445400903,0.014523937600858258,0.03657880580957565,0.0656266810112961,0.05755782678859663,0.07477138246369197,0.07423345884884378,0.031737493275953606,0.019903173749324567,0.07208176438945882,0.02635825712748729
C>G,S_pneumoniae_GPSC2,0.0658561296859178,0.10097939885173886,0.06551840594393671,0.12124282337048485,0.03985140155352978,0.08510638297872382,0.11482607227288061,0.012833502195201806,0.059101654846335804,0.07936507936507847,0.09050996285038809,0.04187774400540305,0.04930766632894391,0.012158054711246261,0.03377237419790665,0.027693346842283518
C>G,S_pneumoniae_GPSC3,0.05137963843958123,0.11988582302569264,0.044719314938155154,0.09657469077069673,0.06565176022835406,0.02901998097050134,0.1969552806850668,0.028068506184585316,0.033777354900095376,0.10941960038058855,0.033777354900095376,0.03330161750713505,0.036631779257848086,0.022359657469075263,0.07183634633681982,0.026641294005708964
C>G,S_pneumoniae_GPSC6,0.07760141093474526,0.15520282186949053,0.06834215167548544,0.12081128747795662,0.047178130511463995,0.017636684303351198,0.0238095238095232,0.03880070546737263,0.0357142857142848,0.06701940035273456,0.0714285714285696,0.13315696649030062,0.05423280423280447,0.03703703703703568,0.019841269841266898,0.03218694885361456
C>G,S_pneumoniae_GPSC54,0.08695652173913107,0.1034482758620706,0.08845577211394343,0.10644677661169531,0.043478260869565535,0.0,0.0,0.028485757121438356,0.014992503748123531,0.13043478260869662,0.13193403298350895,0.07346326836581625,0.07496251874062859,0.013493253373311177,0.04197901049475319,0.06146926536731742
C>G,S_agalactiae_CC1,0.06436931079323827,0.13198959687906436,0.0806241872561774,0.0936280884265287,0.05461638491547479,0.09427828348504694,0.0,0.01690507152145398,0.05266579973992007,0.1124837451235374,0.08387516254876522,0.051365409622886965,0.02535760728218436,0.051365409622886965,0.06697009102730785,0.01950585175552695
C>G,S_agalactiae_CC10,0.04499999999999649,0.1078571428571437,0.0,0.11500000000000055,0.06714285714285789,0.04142857142857092,0.0,0.10214285714285706,0.0907142857142838,0.06999999999999834,0.11357142857143032,0.11214285714286011,0.032857142857143834,0.06500000000000256,0.0,0.037142857142854514
C>G,S_agalactiae_CC17,0.07453276289124311,0.11641522179689487,0.06102229227651673,0.09817608646701166,0.033551002026567904,0.0488628687232578,0.08083764917811542,0.030623733393379784,0.06732717856338905,0.1166403963071429,0.048412519702766915,0.06755235307363187,0.03895519027245845,0.030623733393379784,0.048412519702766915,0.038054492231476694
C>G,S_agalactiae_CC19,0.05578549577109943,0.1283066402735313,0.031491812128844436,0.06694259492531997,0.041029332373580876,0.046427928738527885,0.04516825625337359,0.03940975346410006,0.030951952492349735,0.24185711714954738,0.10293323735828692,0.048947273708836496,0.018535180852978176,0.020874572611118594,0.058664747165737836,0.0226741047327676
C>G,S_agalactiae_CC23,0.052059496567505754,0.13958810068650238,0.11212814645309223,0.0886727688787177,0.012013729977116349,0.016590389016014874,0.024599542334095604,0.03775743707093777,0.08752860411899188,0.17219679633867874,0.03718535469107486,0.06807780320366247,0.03775743707093777,0.030320366132719948,0.03604118993134904,0.04748283752860248
C>G,S_equi,0.03924221921515576,0.1312584573748329,0.06359945872801086,0.06495263870094892,0.04059539918809082,0.08795669824086594,0.09607577807848532,0.027063599458728216,0.03788903924221769,0.1488497970230067,0.0933694181326122,0.05818673883626461,0.03924221921515576,0.025710419485790146,0.020297699594043903,0.025710419485790146
C>G,S_pyogenes_phylogroup0,0.025335320417285322,0.08047690014903094,0.047690014903130545,0.08345752608047763,0.0923994038748144,0.0,0.13114754098360817,0.016393442622948555,0.0938897168405361,0.0909090909090927,0.10581222056631956,0.08643815201192431,0.03725782414306879,0.03725782414306879,0.026825633383010316,0.044709388971683854
C>G,S_pyogenes_phylogroup1,0.027732463295267067,0.106035889070148,0.13213703099510662,0.09135399673735639,0.014681892332789053,0.0,0.0489396411092977,0.03588907014681711,0.05057096247960873,0.07504078303425887,0.15660685154975673,0.06688417618270882,0.0,0.06199021207177829,0.058727569331158774,0.07340946166394782
C>G,S_pyogenes_phylogroup2,0.09292035398230139,0.07079646017699087,0.03318584070796462,0.09955752212389384,0.037610619469026246,0.09513274336283221,0.0,0.09513274336283221,0.06637168141592924,0.09955752212389384,0.09955752212389384,0.035398230088495436,0.06637168141592924,0.0,0.0774336283185833,0.030973451327433798
C>G,S_pyogenes_phylogroup3,0.04017857142857007,0.12500000000000178,0.07589285714285711,0.04464285714285595,0.020089285714283617,0.10267857142857238,0.0,0.0,0.07366071428571416,0.07142857142857123,0.0,0.0982142857142865,0.0,0.20758928571428772,0.0870535714285718,0.05357142857142771
C>G,S_aureus_ST22,0.06685633001422324,0.08677098150782582,0.02844950213371331,0.06970128022759503,0.04409672830725352,0.0,0.036984352773824024,0.03271692745376633,0.09672830725462243,0.23470839260313597,0.04836415362731122,0.08250355618776813,0.02844950213371331,0.051209103840683015,0.07681365576102453,0.015647226173540214
C>G,S_aureus_ST239,0.06129597197898373,0.10770577933450144,0.04115586690017499,0.054290718038528314,0.038528896672504795,0.13397548161121042,0.0866900175131352,0.018388791593693717,0.08493870402802017,0.15148861646234896,0.07005253940455416,0.047285464098072896,0.013134851138353321,0.009632224168125612,0.035901926444832255,0.045534150612960206
C>G,S_aureus_ST772,0.03174603174603045,0.1445731445731455,0.072501072501072,0.03861003861003787,0.05319605319605198,0.04633204633204676,0.1673101673101692,0.01458601458601411,0.054912054912054926,0.0780780780780772,0.049764049764050466,0.05276705276705343,0.024453024453024493,0.060918060918060866,0.0836550836550846,0.02659802659802599
C>G,S_aureus_CC398,0.052616887648290145,0.14347522679693026,0.08080949057920511,0.054710397766922624,0.042358688066991466,0.08946266573621772,0.05254710397766892,0.03377529658060009,0.05352407536636392,0.09085833914864011,0.10439637124912776,0.05498953244940754,0.03279832519190508,0.03852058618283267,0.051221214235867764,0.023935799023028788
C>G,S_epidermidis_groupA,0.059432892249526144,0.07833648393194766,0.05444234404536915,0.05890359168241871,0.021928166351606045,0.06699432892249586,0.11085066162571076,0.04272211720226719,0.05769376181474378,0.06994328922495317,0.1161436672967879,0.05686200378071901,0.02979206049149311,0.07289224952741047,0.040907372400754795,0.06215500945179614
C>G,S_epidermidis_groupB,0.055875720370835685,0.0706589827110993,0.05055124029065508,0.06827862691054896,0.03752192432974049,0.06627411676271759,0.1596717614632938,0.04203207216236489,0.04265848158356315,0.09302179904785722,0.0853169631671263,0.0379604109245808,0.052430468554246795,0.03946379353545357,0.05349536457028231,0.04478827361563417
C>G,S_epidermidis_groupC,0.05684804828190485,0.05636133553976386,0.05801615886303963,0.06317531392971977,0.042830721308284435,0.0834225640027257,0.13258055095882504,0.03893701937116549,0.039813102307018074,0.09958142704175989,0.07475907719264122,0.06940523702910528,0.03747688114474851,0.05898958434731862,0.05675070573347545,0.031052272948504194
C>G,S_haemolyticus,0.04918032786885221,0.08119877049180312,0.03714139344262096,0.06147540983606525,0.05532786885245873,0.04277663934426079,0.13678278688524673,0.020235655737704555,0.06019467213114697,0.06813524590163848,0.09400614754098595,0.06787909836065668,0.038934426229509024,0.10783811475409909,0.043801229508197266,0.035092213114754175
C>G,S_typhimurium,0.06613454960091103,0.21094640820981028,0.11744583808437994,0.09464082098061598,0.043329532497150255,0.03192702394526827,0.049030786773091244,0.04104903078677258,0.025085518814138442,0.08437856328392283,0.030786773090079433,0.058152793614595556,0.045610034207524734,0.022805017103760768,0.033067274800453905,0.045610034207524734
C>G,E_faecalis_pp2,0.058035714285713504,0.11718750000000124,0.01785714285714223,0.03571428571428446,0.018973214285713937,0.1004464285714307,0.07366071428571484,0.03013392857142846,0.058035714285713504,0.08370535714285768,0.1417410714285737,0.0502232142857141,0.03459821428571276,0.06026785714285692,0.04799107142857069,0.07142857142857144
C>G,E_faecalis_pp6,0.041666666666666755,0.08602150537634433,0.04301075268817114,0.03494623655913866,0.05376344086021444,0.1008064516129049,0.12500000000000028,0.07392473118279666,0.06048387096774253,0.08736559139785079,0.08602150537634433,0.052419354838710054,0.02419354838709536,0.052419354838710054,0.03494623655913866,0.04301075268817114
C>G,E_faecalis_pp7,0.05731707317073185,0.09756097560975723,0.05853658536585389,0.07804878048780446,0.035365853658537186,0.07317073170731628,0.08048780487804856,0.02195121951219466,0.04756097560975547,0.1146341463414637,0.12926829268292825,0.031707317073171044,0.037804878048779085,0.06585365853658617,0.031707317073171044,0.03902439024390113
C>G,C_jejuni_cluster2,0.028214867064567384,0.04521613311629525,0.05769578585639296,0.04051365527219964,0.07867607162235461,0.07668656176524084,0.14541508410201412,0.009043226623254052,0.034906854765776756,0.1238922047386561,0.04919515283052903,0.04575872671369162,0.05679146319406568,0.045577862181226156,0.14758545849159332,0.014830891662142392
C>G,C_jejuni_cluster5,0.042590949423246524,0.0724182649648462,0.00873660500989574,0.044775100675723656,0.04525288376219783,0.12818237662958465,0.16469865538188672,0.027233635929283878,0.038495665824859894,0.11275680840898647,0.03405910859327012,0.038427411098217984,0.04368302504948509,0.028666985188719202,0.14476827520306326,0.02525424885673247
C>G,C_jejuni_cluster6,0.015754560530676486,0.025704809286895003,0.0,0.029021558872301175,0.01907131011608266,0.15091210613599207,0.286069651741302,0.041459369817577134,0.026533996683249367,0.10033167495854514,0.037313432835822245,0.0116086235489216,0.0754560530679932,0.0232172470978432,0.13515754560530993,0.02238805970148883
C>G,C_jejuni_cluster7,0.034214397570347374,0.053338395102738856,0.04840316993309123,0.05647036492193771,0.0672898970246303,0.10923931096663816,0.17444122811180668,0.015375124566981268,0.025245574906276512,0.06311393726569436,0.10767332605704182,0.02068998244198782,0.04090542400227697,0.02923171831253297,0.1290276657334016,0.025340483082616244
C>G,C_jejuni_cluster8,0.04205985440819809,0.0477217578862214,0.03442077828704789,0.05428237620203284,0.0822324076570481,0.08708546778107605,0.1445133459153464,0.01123393547227479,0.0564392918127034,0.10137503370180953,0.06929091399298982,0.030376561517029242,0.05167610317246124,0.045295227824207425,0.10748629459872691,0.0345106497708267
C>G,K_pneumoniae_ST11,0.030441400304412905,0.1278538812785392,0.11111111111111313,0.07458143074581491,0.02283105022830911,0.10958904109589238,0.05631659056316581,0.0639269406392696,0.05022831050228277,0.09284627092846402,0.07001522070015265,0.04261796042617898,0.041095890410958215,0.03652968036529594,0.0380517503805167,0.03196347031963367
C>G,K_pneumoniae_ST23,0.07196562835660536,0.18259935553169077,0.10741138560687497,0.09452201933405129,0.04189044038668145,0.0569280343716434,0.04189044038668145,0.03759398496240488,0.035445757250266594,0.08163265306122461,0.06337271750805523,0.05370569280343597,0.04189044038668145,0.022556390977442928,0.03866809881847402,0.02792696025778562
C>G,K_pneumoniae_ST101,0.08766233766233753,0.08441558441558494,0.064935064935065,0.08441558441558494,0.05357142857142873,0.06818181818181758,0.08116883116883235,0.055194805194805026,0.03733766233766137,0.06980519480519609,0.09415584415584491,0.05357142857142873,0.047077922077921344,0.03896103896103766,0.0324675324675325,0.047077922077921344
C>G,K_pneumoniae_ST147,0.0785340314136128,0.08726003490401378,0.10471204188481774,0.05235602094240786,0.05410122164048806,0.05759162303664845,0.05410122164048806,0.06631762652705143,0.0401396160558465,0.11169284467713853,0.07155322862129203,0.04886561954624748,0.0401396160558465,0.07155322862129203,0.031413612565445524,0.029668411867363315
C>G,K_pneumoniae_ST258_512,0.09993868792152082,0.08706315144083512,0.12814224402207353,0.052728387492335604,0.05088902513795286,0.05334150827712985,0.05702023298589751,0.06008583690987091,0.045984058859594557,0.08828939301042361,0.0717351318209681,0.0410790925812384,0.025751072961373554,0.05150214592274711,0.03310852237890885,0.05334150827712985
C>G,N_gonorrhoea,0.02930080670414254,0.03141821868988796,0.03261112685087152,0.01962333924816825,0.0929275457405725,0.11778476954505696,0.09582034803095685,0.04131935642604667,0.053651044540207755,0.06906938252091342,0.06182246544294152,0.030076197008781447,0.11062732057915761,0.08381670966106582,0.08529293351028218,0.04483843550094697
C>G,N_meningitidis_cluster1,0.045924225028702935,0.1664753157290506,0.0677382319173369,0.008610792192879167,0.0189437428243381,0.039035591274397916,0.037887485648679005,0.040183696900114016,0.0189437428243381,0.12055109070034487,0.05051664753157294,0.1911595866819776,0.09586681974741783,0.02927669345579703,0.04707233065441903,0.021814006888633965
C>G,N_meningitidis_cluster2,0.03337453646477126,0.10012360939431378,0.09517923362175534,0.07416563658838017,0.0704573547589632,0.12113720642768898,0.07169344870210095,0.03708281829418823,0.0618046971569841,0.04820766378244655,0.04944375772558801,0.07292954264524242,0.11248454882571357,0.021013597033371485,0.03090234857849205,0.0
C>G,N_meningitidis_urethritis,0.026086956521739407,0.04637681159420147,0.057971014492753686,0.04057971014492659,0.13623188405797193,0.1101449275362325,0.07536231884058078,0.028985507246376843,0.04637681159420147,0.09565217391304533,0.06376811594202857,0.0,0.023188405797099496,0.07246376811594335,0.10724637681159506,0.06956521739130343
C>G,L_pneumophila_ST1,0.03462204270051962,0.07732256203116013,0.061742642815926216,0.054241200230813205,0.09001731102135162,0.05885747259088228,0.08309290248124647,0.01961915753029358,0.09867282169648038,0.042123485285631104,0.08020773225620406,0.06405077899596076,0.09751875360646312,0.02885170225043174,0.06520484708597804,0.04385458742065778
C>G,L_pneumophila_environmental,0.03584672435104955,0.07045735475896119,0.04140914709517751,0.06365883807169236,0.07540173053152169,0.04882571075401678,0.1514215080346138,0.03646477132261997,0.022249690976511874,0.046353522867738015,0.037700865265760844,0.061804697156984015,0.04017305315203961,0.04944375772558721,0.15018541409147293,0.06860321384425284
C>G,Y_pestis,0.08264462809917382,0.18181818181818474,0.10537190082644582,0.10123966942148728,0.02892561983470981,0.05371900826446401,0.06404958677686037,0.07851239669421528,0.03719008264462691,0.05371900826446401,0.07438016528925674,0.006198347107437817,0.026859504132230542,0.030991735537189084,0.04752066115702326,0.026859504132230542
C>G,C_acnes,0.04685737041215823,0.05522001725625467,0.06318444282206162,0.04513174487290134,0.0892015663370288,0.08382557908010857,0.09092719187628569,0.09557310678967353,0.06875954071812591,0.053029800225658875,0.06656932368752873,0.0527643193734654,0.04838388531227104,0.03703457888099837,0.050972323621159124,0.052565208734319954
C>G,E_coli_lineage11,0.044222539229673084,0.1854493580599166,0.05135520684735997,0.04564907275321046,0.01997146932952687,0.08416547788873044,0.06276747503566259,0.059914407988587826,0.03138373751782948,0.17261055634807662,0.04850213980028521,0.06276747503566259,0.024251069900142606,0.03566333808844522,0.024251069900142606,0.04707560627674784
C>G,E_coli_lineage12,0.06122448979591905,0.1437444543034621,0.09849157054126108,0.08961845607808326,0.055013309671694245,0.08518189884649607,0.05678793256433186,0.022182786157939404,0.04436557231588223,0.09760425909494228,0.06033717834960024,0.030168589174798408,0.04791481810115404,0.04436557231588223,0.031055900621117218,0.03194321206743603
C>G,E_coli_lineage14,0.057108140947753565,0.2114216281895542,0.11300121506682968,0.11421628189550713,0.04617253948967038,0.05346294046172469,0.059538274605101554,0.02065613608748203,0.03645200486026808,0.10328068043742394,0.04252733900364495,0.04981773997569926,0.03402187120291665,0.02187120291615947,0.026731470230862343,0.009720534629402292
C>G,E_coli_lineage34,0.018134715025904725,0.17875647668394065,0.09585492227979278,0.11398963730570061,0.0336787564766842,0.03626943005181256,0.0336787564766842,0.09067357512953295,0.04922279792746057,0.10621761658031242,0.05699481865284875,0.044041450777200744,0.04663212435233221,0.02072538860103619,0.0336787564766842,0.04145077720207238
C>G,S_sonnei_lineage1,0.028776978417266,0.0503597122302155,0.0503597122302155,0.0359712230215825,0.0,0.0,0.043165467625899,0.0,0.10791366906474749,0.22302158273381475,0.10791366906474749,0.06474820143884849,0.0791366906474815,0.057553956834532,0.12230215827338377,0.028776978417266
C>G,S_sonnei_lineage2,0.020202020202020065,0.11616161616161706,0.08080808080808026,0.14141414141414385,0.04040404040404013,0.1010101010101003,0.09595959595959702,0.02525252525252336,0.07575757575757695,0.08080808080808026,0.010101010101010032,0.030303030303030092,0.04040404040404013,0.06565656565656691,0.03535353535353339,0.04040404040404013
C>G,S_sonnei_lineage3,0.09333333333333446,0.17333333333333406,0.10999999999999985,0.0,0.05666666666666678,0.06666666666666793,0.05666666666666678,0.0799999999999996,0.043333333333331926,0.08666666666666703,0.10000000000000188,0.009999999999997964,0.019999999999999105,0.026666666666666533,0.033333333333333964,0.043333333333331926
C>G,S_flexneri_PG3,0.00868621064060619,0.09989142236699208,0.06731813246471033,0.0803474484256253,0.034744842562432356,0.045602605863192945,0.06948968512486471,0.07491856677524501,0.03148751357220266,0.1606948968512506,0.06840390879478941,0.07057546145494002,0.029315960912052064,0.047774158523343546,0.05863192182410413,0.05211726384364854
C>G,H_influenzae_Hib,0.029772329246934497,0.07705779334500944,0.1366024518388811,0.05429071803852793,0.015761821366023207,0.07180385288966838,0.12434325744308439,0.02451838879159343,0.06304728546409816,0.13134851138354003,0.06129597197898357,0.03327495621716099,0.03502626970227557,0.02451838879159343,0.08581436077057701,0.03152364273204908
