Mutation,Sample,AXA,AXC,AXG,AXT,CXA,CXC,CXG,CXT,GXA,GXC,GXG,GXT,TXA,TXC,TXG,TXT
C>T,M_abscessus_DCCs,0.0663029794376837,0.05581200167855639,0.09064204783885847,0.08476710029374739,0.05791019723038198,0.060847671002937365,0.08099034830046158,0.050776332354175426,0.058749475451112095,0.06672261854804877,0.07175828787242974,0.056651279899286505,0.055392362568191335,0.041963911036508636,0.05958875367184221,0.04112463281577822
C>T,M_abscessus_environmental,0.07253526019592857,0.053377799393223575,0.09537043470205435,0.07084925542509078,0.05597628476805839,0.052465318789226195,0.07212765464693492,0.07746358183376188,0.06060816600662345,0.051937284328029854,0.07596748419370529,0.06989971977118518,0.04429004840315902,0.04146923272887274,0.05340559068065483,0.05225688413349071
C>T,M_tuberculosis_lineage1,0.07761844914522804,0.052739964567465596,0.087309398706864,0.05984161354310206,0.0713496161475448,0.05339107524113807,0.07584682242849138,0.0666555624536273,0.057948849956844954,0.05027180085098654,0.06748837843158031,0.05342135945851823,0.06308202480277401,0.04547175239623859,0.06701897306218858,0.05054435880740755
C>T,M_tuberculosis_lineage2,0.07091826013868463,0.06046438327379694,0.07112838831687338,0.06755620928766555,0.057785249001891144,0.06387896616936335,0.0665055683967221,0.0612523639420046,0.06450935070392931,0.061987812565664935,0.07506829165791136,0.06792393359949571,0.04995797436436222,0.05090355116621129,0.04938012187434331,0.060779575541080065
C>T,M_tuberculosis_lineage3,0.07403291895270511,0.06083755816376128,0.08292242516841464,0.05368428363080762,0.07007431071602198,0.06062921036183058,0.07208833946801854,0.0659768039447184,0.05861518160983403,0.06104590596569199,0.06979651364678105,0.05458712410584067,0.05924022501562613,0.048336690047920045,0.05743454406556004,0.05069796513646778
C>T,M_tuberculosis_lineage4,0.079290615340772,0.05666747046057388,0.08025516802946275,0.05837735931779826,0.06407698884187918,0.058245829405703935,0.07142074226713721,0.06982046166999138,0.05796084792950005,0.058180064449656906,0.06762829646842176,0.06199443190038812,0.05947344191858307,0.04474209176403524,0.05802661288554708,0.05383957735054918
C>T,M_tuberculosis_lineage5,0.07998774134232313,0.056926141587496065,0.08803248544284406,0.05876494023904372,0.07768924302788843,0.05899479007048724,0.06964449892736752,0.073398712840944,0.055700275819797786,0.05416794361017459,0.069414649095924,0.05416794361017459,0.06121667177444074,0.04711921544590866,0.059148023291449574,0.035626723873735715
C>T,M_tuberculosis_lineage6,0.08255190890823844,0.061118553248493045,0.09460817146684541,0.0741795043536504,0.09125920964501008,0.045043536503683757,0.06882116543871411,0.06563965170797056,0.05592766242464835,0.049397186872069676,0.06145344943067644,0.05090421969189544,0.05107166778298723,0.04839249832551909,0.055760214333556546,0.04387139986604158
C>T,M_tuberculosis_lineage7,0.08464328899637243,0.05441354292623924,0.07859733978234591,0.04474002418379694,0.06166868198307143,0.055018137847641924,0.0592503022974607,0.08524788391777512,0.06408706166868185,0.06045949214026606,0.08041112454655397,0.06771463119709793,0.0525997581620315,0.0592503022974607,0.048367593712212734,0.04353083434099158
C>T,M_tuberculosis_orygis,0.056627516778523485,0.052432885906040255,0.0763422818791947,0.058724832214764947,0.07466442953020135,0.0478187919463086,0.07676174496644313,0.05956375838926178,0.06124161073825514,0.05536912751677855,0.09941275167785232,0.06333892617449659,0.05117449664429531,0.05746644295302001,0.06837248322147665,0.04068791946308707
C>T,M_tuberculosis_caprae,0.0776925641880627,0.06268756252084036,0.0846948982994331,0.03567855951983999,0.06935645215071692,0.05568522840946967,0.06435478492830958,0.06168722907635883,0.06935645215071692,0.058019339779926564,0.09669889963321114,0.05835278426142041,0.06168722907635883,0.04968322774258079,0.05135045015005001,0.043014338112704234
C>T,M_tuberculosis_bovis,0.07272802964073108,0.050830523292119366,0.07930560759335573,0.046750759751883794,0.06569251904583488,0.05665875692102747,0.07335248324382816,0.05628408475916907,0.07018858498813543,0.05744973148495059,0.08771491611506607,0.05012280920860914,0.06340285583447816,0.04770825527663295,0.0636526372757171,0.058157445568460815
C>T,M_canettii,0.06485130777499107,0.047704355837641495,0.08803808158878032,0.07718687618365143,0.05476787633720635,0.04012898602651386,0.06178021190561477,0.07785228028868313,0.05359062292061228,0.047294876388391194,0.08302195833546618,0.0868096432410298,0.04954701335926687,0.04478681476173412,0.060398218764395745,0.06224087628602152
C>T,M_leprae,0.04115133798066103,0.040926467281313265,0.058691252529795394,0.046548234765010035,0.05374409714414211,0.07803013267371264,0.06926017539914545,0.08140319316393081,0.05711715763436029,0.07308297728805935,0.08027883966719142,0.06993478749718912,0.051945131549359036,0.05936586462783907,0.06588711490892746,0.07263323588936363
C>T,M_avium,0.06832098849711564,0.05591698808751754,0.09683585350035864,0.10013994606956364,0.03487046455268447,0.046182202955934025,0.047158412124108075,0.07850633170631825,0.05080383657029711,0.04883093832132989,0.07174113390449553,0.09039833430044028,0.03676826978871544,0.048141447929821966,0.04059118681093633,0.08479366488036331
C>T,M_intracellulare,0.06911378294450173,0.061041882315470954,0.08847241022374411,0.11097619237200423,0.03163070308145557,0.03887650290628202,0.04356437614459755,0.08186360379011086,0.045047376383469916,0.048331873556811934,0.06928298431403757,0.09631539135281503,0.03704514690660081,0.0505713034477265,0.040160442710407,0.08770602754996427
C>T,M_chimaera,0.07158351409978299,0.07028199566160524,0.06854663774403463,0.06420824295010855,0.05336225596529291,0.05466377440347065,0.064642082429501,0.05639913232104126,0.07114967462039055,0.05726681127982656,0.06334056399132325,0.0568329718004337,0.05379609544468535,0.06941431670281994,0.05900216919739716,0.06550976138828629
C>T,M_kansasii_non_MKMC,0.07340469088144107,0.052465344797332995,0.09919868982862495,0.09101011873428096,0.049950283675498725,0.048605018424285024,0.05550681406094625,0.08481020061999184,0.05422003860326385,0.04603146750891985,0.07281979294613079,0.07358016026203419,0.03719950868573426,0.04398432473533365,0.043691875767678315,0.07352167046850328
C>T,M_kansasii_MKMC,0.0628594905505341,0.05094494658997535,0.07066557107641741,0.05258833196384552,0.06614626129827444,0.06778964667214461,0.06409202958093674,0.06696795398520954,0.0686113393590797,0.057518488085456045,0.07970419063270337,0.05957271980279376,0.05012325390304026,0.08258011503697617,0.06080525883319638,0.0390304026294166
C>T,P_aeruginosa_ST17,0.08345978755690442,0.0718259989883663,0.06322711178553364,0.051087506322711064,0.059686393525543724,0.07789580171977747,0.0677794638340922,0.04653515427415275,0.06322711178553364,0.07587253414264042,0.07587253414264042,0.049064238745574015,0.044511886697015696,0.07435508345978757,0.06474456246838649,0.030854830551340275
C>T,P_aeruginosa_ST111,0.0784863349684654,0.07428170988086892,0.06937631394533983,0.0413454800280308,0.05115627189908897,0.07638402242466728,0.07147862648913819,0.057463209530483554,0.07077785564120533,0.08899789768745618,0.08549404344779259,0.053258584442887086,0.045550105115627265,0.05816398037841617,0.038542396636299825,0.0392431674842327
C>T,P_aeruginosa_ST146,0.09345351043643287,0.06831119544592032,0.06451612903225808,0.05360531309297923,0.07732447817836816,0.0550284629981026,0.07210626185958255,0.05028462998102462,0.08965844402277039,0.05645161290322573,0.08491461100569264,0.060246679316887965,0.03462998102466778,0.048861480075901235,0.061669829222011335,0.028937381404174546
C>T,P_aeruginosa_ST175,0.06399999999999996,0.03733333333333322,0.07866666666666665,0.03999999999999984,0.04799999999999997,0.09466666666666665,0.07466666666666673,0.05066666666666659,0.08266666666666685,0.09733333333333355,0.058666666666666735,0.058666666666666735,0.035999999999999914,0.0720000000000001,0.06000000000000004,0.04666666666666667
C>T,P_aeruginosa_ST253,0.04807692307692307,0.07183257918552027,0.05599547511312224,0.05712669683257926,0.052036199095022516,0.07635746606334838,0.06674208144796383,0.058823529411764656,0.06843891402714922,0.06787330316742084,0.07692307692307704,0.07013574660633488,0.04807692307692307,0.0803167420814481,0.05542986425339358,0.045814479638009026
C>T,B_cenocepacia_ECs,0.05034856700232367,0.07591014717273421,0.05034856700232367,0.07126258714175059,0.03640588690937256,0.058869093725794026,0.05499612703330755,0.08443067389620457,0.06429124709527503,0.06816421378776151,0.06584043377226957,0.06584043377226957,0.060418280402788564,0.07900852052672354,0.06274206041828023,0.051123160340821074
C>T,B_pseudomallei_group1,0.08067630023986427,0.09729128883168574,0.07546949043468097,0.11823553501433365,0.016731995553735207,0.05277013982331939,0.05025449014216362,0.08231439770666356,0.03346399110747073,0.04645176387995079,0.05300415374714786,0.07154975721055408,0.0355116129409699,0.07067220499619725,0.04106944363189606,0.0745334347393671
C>T,B_pseudomallei_group2,0.04330598805736909,0.09398643100300563,0.03229612621877794,0.057217797549289344,0.10168775362145548,0.1746828984398049,0.05032168568080165,0.09950332049779584,0.03520604625576992,0.05516889494790036,0.030215334082737383,0.046781947334433506,0.026675595736369247,0.08215541364712654,0.023008299251393055,0.04778646767597033
C>T,B_pseudomallei_group3,0.03972084044843719,0.09269433513995108,0.030700126215754606,0.05137723661741784,0.10208627218056292,0.19886405820773684,0.05215680451406926,0.10190066077659812,0.031442571831613135,0.05750241294825148,0.026987898136461345,0.042208033261563666,0.025799985151087758,0.08927908530700128,0.01848689583487992,0.03879278342861388
C>T,B_pseudomallei_group4,0.04169520428273913,0.08822666088925557,0.027815439665655514,0.06485610052695596,0.10451057406035535,0.1784940525278509,0.05029143312413517,0.0998420530310443,0.035531079211103676,0.05161930587199303,0.027507932292467386,0.042771480088897425,0.031295864025830546,0.08467634848971962,0.023160896244216547,0.04770557566778009
C>T,B_pseudomallei_group5,0.035258290727236956,0.09475316402648566,0.031277065347972866,0.06557148045707269,0.10493671947028765,0.17116475288464267,0.04637778336546258,0.1007459559131675,0.028608945883273118,0.0555695247674126,0.028399407705417056,0.04640572178917674,0.026820886765568673,0.09545162461933908,0.02131701729388419,0.04734165898360004
C>T,S_pneumoniae_GPSC1,0.0672678299566693,0.0740836163485186,0.07218643869305545,0.04040285747745633,0.052816489050239994,0.06658859351212093,0.07031268298395596,0.0522075184447827,0.06150603115118863,0.07846352031853854,0.08399109966038182,0.061388921419369934,0.047710504742944054,0.05979622906663544,0.07014872935940981,0.04112893781473233
C>T,S_pneumoniae_GPSC2,0.07159323534293568,0.07832469616214516,0.0589971045497298,0.046290319606071204,0.04879848034966708,0.07677553805580666,0.0611917452003763,0.04295225273407956,0.06060158973129482,0.09064419157921912,0.08763808715858591,0.05829629493019562,0.041901038304778385,0.06642937498847344,0.0661711819707504,0.04339486933589071
C>T,S_pneumoniae_GPSC3,0.07210877425268625,0.06470777953183617,0.059615351971618255,0.04634109079798332,0.05547351088930752,0.07109028874064266,0.07871195532243559,0.049871840573067816,0.06796693317037567,0.08412690329480065,0.07864405628829935,0.06570929028534565,0.04425319549829401,0.057187961501247705,0.061295853066490075,0.042895214815569176
C>T,S_pneumoniae_GPSC6,0.06751560755777897,0.07289039566709392,0.06745359077190227,0.04531359821391659,0.04762889155331376,0.053747881093149145,0.08643072725017566,0.048827882746930194,0.06321577707032708,0.11014181171703807,0.07632199115227181,0.06317443254640923,0.03708603795427294,0.05988754289494353,0.05744821598379299,0.04291561582668372
C>T,S_pneumoniae_GPSC54,0.0590519451974504,0.06872298336874498,0.06872298336874498,0.05069968495860502,0.04344640633013399,0.053263975382811975,0.07517034214960809,0.04982049967030549,0.05993113048574992,0.20140669646127926,0.044911715143966593,0.0463037585171074,0.039343541651403,0.04806212909370645,0.04945417246684743,0.04168803575353494
C>T,S_agalactiae_CC1,0.0804068064378106,0.05506368693019125,0.0972912483954843,0.03906789981239503,0.06319323305796007,0.052562288121646976,0.08912878912549774,0.044235263140571995,0.07744462363821876,0.09107066451634142,0.09956225520850484,0.0420629957542046,0.041371819767633135,0.052298982983905375,0.03946285751900734,0.0357765855906263
C>T,S_agalactiae_CC10,0.076267897628628,0.054780530648093365,0.08462182642619333,0.03833820135215177,0.060948957290794366,0.06670887885781984,0.0903817479932188,0.04736616352458183,0.06505443330133379,0.0828448293470047,0.0819665434343022,0.052962683061337064,0.042259850078637175,0.052513327478093834,0.06583059294511732,0.037153536632692684
C>T,S_agalactiae_CC17,0.07218383812048264,0.08055591766972288,0.07544286562667481,0.03427048479844722,0.05516447225481244,0.0759860368777069,0.09044163443850589,0.036986341053607305,0.07153203261924423,0.08733469488260258,0.09122380103999196,0.04031779139327041,0.04096959689450881,0.06386969683801914,0.05329596315126236,0.030424832341140403
C>T,S_agalactiae_CC19,0.07197790673285331,0.05435048591204647,0.07316646857302661,0.03378661819198772,0.06771306718870161,0.06606131580787251,0.09338949870656509,0.03831364049500096,0.06683038523386699,0.14823813186044893,0.08741173180451653,0.04016639865762415,0.03546458784870301,0.04633643291617141,0.049744808781374515,0.02704852128923992
C>T,S_agalactiae_CC23,0.07593943673021114,0.05960225935514244,0.08753039930964153,0.04157841060641714,0.05958264689730923,0.07203655762140122,0.08684396328547891,0.03851886718443546,0.06836902800658982,0.0845100808033263,0.08154859967051072,0.04822703381187734,0.03869537930493446,0.05728798933082288,0.06221071624696002,0.03751863183494146
C>T,S_equi,0.06178287731685789,0.04934606435047745,0.07044852764181984,0.041563026558613464,0.06764021503650813,0.07518254031934529,0.08505175318944086,0.048704164326406146,0.07662681537350556,0.07702800288855004,0.12180052956751987,0.05945598972959967,0.0450934766910053,0.03538473882692774,0.05191366444676233,0.03297761373666052
C>T,S_pyogenes_phylogroup0,0.0678461653797136,0.05232776070170176,0.08643826373791147,0.04752979983507013,0.042581902691356206,0.07069495464427611,0.0773671189744358,0.036209610915360936,0.06012444710997821,0.09903291101281954,0.11717520053977071,0.04827948122048125,0.03635954719244323,0.0678461653797136,0.04887922632881025,0.04130744433615715
C>T,S_pyogenes_phylogroup1,0.09125358459647695,0.045370749692748916,0.07937320770176166,0.04895534616960258,0.04547316673494464,0.06790249897582963,0.06749283080704623,0.05428103236378538,0.08408439164276946,0.07548136009832034,0.11286358049979532,0.06022122081114302,0.039532978287587006,0.053154444899631254,0.04096681687832847,0.03359278984022936
C>T,S_pyogenes_phylogroup2,0.07913446676970637,0.05038639876352396,0.08346213292117464,0.027975270479134395,0.0692426584234931,0.05981452859350853,0.09721792890262748,0.04482225656877896,0.08299845440494594,0.08948995363214836,0.07372488408037094,0.04049459041731068,0.02720247295208655,0.07573415765069551,0.06707882534775896,0.031221020092735686
C>T,S_pyogenes_phylogroup3,0.05896877269426282,0.06042120551924469,0.07683369644153969,0.05591866376180106,0.04705882352941181,0.05039941902686994,0.05098039215686269,0.05025417574437175,0.07160493827160494,0.08685548293391443,0.1192447349310095,0.04429920116194625,0.043427741466957125,0.06928104575163394,0.07334785766158318,0.04110384894698613
C>T,S_aureus_ST22,0.05046120455778616,0.059196961475854654,0.07764514378730326,0.05507325013564836,0.0447097124253933,0.06728160607704821,0.09869777536625075,0.03678784590341826,0.07422680412371128,0.07948996201844824,0.12729245794899632,0.059196961475854654,0.031307650569723226,0.0534454693434618,0.05664677156809552,0.02854042322300584
C>T,S_aureus_ST239,0.05059412599955151,0.04536282789029222,0.08078618937299158,0.04895000373664152,0.049697332037964184,0.051341454300874376,0.09797474030341535,0.03280771242806971,0.0861669531425155,0.08773634257529338,0.1153127568941036,0.06748374560944617,0.045587026380689004,0.051117255810477595,0.058216874673043845,0.030864658844630407
C>T,S_aureus_ST772,0.055366299709542155,0.057015813820059484,0.0700326316921863,0.05253343851974029,0.037006490479434793,0.06763007853121521,0.08215297450424941,0.05041775737798981,0.07157456879549608,0.11722307885394642,0.1124538315344068,0.060422419048302055,0.031125614085416142,0.04826621723383656,0.052318284505325,0.03446050130885355
C>T,S_aureus_CC398,0.05045460214147005,0.06502800064137206,0.07791482816573533,0.0392602842228411,0.05222431393974662,0.06377494967010915,0.08306362054528514,0.05813918961452355,0.06952948232960582,0.09754200096205819,0.1007785544186379,0.05512236547517946,0.03389770115625126,0.05118505365552374,0.06992143192251284,0.03216362113914793
C>T,S_epidermidis_groupA,0.050822786749609196,0.054576655532742956,0.0669976199961184,0.05028651978059025,0.04234976863910772,0.05824880744440695,0.0880856801397359,0.05809048100593467,0.06167070143719553,0.07461261095618948,0.10891326775554405,0.0626666258082309,0.04733960510321853,0.05409656891285923,0.06874942542824748,0.05249287531026869
C>T,S_epidermidis_groupB,0.05001577909270218,0.048765285996055195,0.08227613412228793,0.056528599605522714,0.038063116370808614,0.05513609467455628,0.11334911242603563,0.05680473372781074,0.0446232741617357,0.06982642998027616,0.11079289940828403,0.05857593688362919,0.04311242603550289,0.044315581854043315,0.0800433925049309,0.047771203155818606
C>T,S_epidermidis_groupC,0.04980138807318018,0.049075144143632024,0.08527366765814752,0.05528926611472121,0.03735419863718742,0.04946036918452273,0.11068589002772371,0.05331261959342977,0.04957404214740848,0.06212227421707747,0.11558645776102157,0.060398234279976586,0.04717427959759775,0.043549375114462406,0.08356857321486084,0.04777422023505044
C>T,S_haemolyticus,0.0511607085758137,0.0625119907910724,0.0719127709918783,0.052295836797339644,0.03854639636758964,0.07140116390612011,0.08874784165760706,0.047291679989767924,0.06363113129116833,0.08180917055701235,0.08927543646479506,0.0702340602417343,0.043246786467992494,0.05570122146191729,0.07004220758457501,0.04219159685361646
C>T,S_typhimurium,0.07968908906000288,0.05310184512567186,0.07010024698532624,0.036394014237977536,0.09654220543367725,0.05680662501816072,0.0728606712189453,0.08564579398518089,0.07133517361615574,0.04983292169112309,0.07787302048525348,0.04547435711172447,0.055934912102280916,0.05055934912102286,0.0609472613685893,0.036902513438907464
C>T,E_faecalis_pp2,0.05788200260562058,0.08533407779638949,0.06197654941373531,0.040107947143122935,0.04466778336125058,0.07156151126000374,0.06783919597989951,0.0656058068118369,0.07063093243997767,0.08440349897636343,0.09482598176065528,0.05294993485948265,0.03917736832309689,0.0586264656616416,0.06253489670575106,0.04187604690117242
C>T,E_faecalis_pp6,0.053842466847739266,0.07077807956542574,0.051286147946956365,0.03594823454225919,0.052883847259945674,0.06981945997763216,0.06774245087074617,0.05847579485540815,0.08499760345103052,0.07173669915321933,0.1084837833519733,0.06518613196996327,0.047451669595782,0.05224476753474995,0.06518613196996327,0.04393673110720552
C>T,E_faecalis_pp7,0.05159538357094367,0.075582711020593,0.0853134193256394,0.04299615297578625,0.05306630459379941,0.054537225616655347,0.07049106132609187,0.05080334917402124,0.075582711020593,0.06245756958587925,0.08644489703552839,0.05861054537225622,0.05023761031907665,0.05634758995247784,0.07501697216564841,0.05091649694501016
C>T,C_jejuni_cluster2,0.04957683969118343,0.024925372441423753,0.0745997038109962,0.026912345696206638,0.06349493739641511,0.06355064692692297,0.16587976954824218,0.03846743081572684,0.06880591263817126,0.04770592795829207,0.16516947303426616,0.0408397283231895,0.03663365876984067,0.022358091577183204,0.08557912378193441,0.025501037590005583
C>T,C_jejuni_cluster5,0.052105604286393284,0.02789439571360672,0.08839130622650476,0.0324141209004883,0.060680119258523166,0.05579743334917682,0.15230523268374896,0.03644817007302418,0.06897117919025197,0.04903599360497768,0.16235924469602062,0.041284189603767785,0.03585879099511721,0.022021345547249636,0.08853303374670538,0.025899840124443615
C>T,C_jejuni_cluster6,0.04772668409032045,0.031598031598031616,0.07357961903416452,0.03129194038284944,0.051705869887688126,0.04991641355277724,0.18393727484636585,0.03819076546349267,0.07056579783852507,0.0465023192295919,0.13677568223022774,0.041416495961950406,0.03475312566221648,0.029008029008028922,0.10755574391938036,0.025476207294389014
C>T,C_jejuni_cluster7,0.05279388374923687,0.026544714972914704,0.0761290707275751,0.029051672622959494,0.05962126014157703,0.06563718074853556,0.16635102851372674,0.03943467716114907,0.06751545460319686,0.04790311269772757,0.16412017323155148,0.03953708132575805,0.03663087705926344,0.021451728102684066,0.08409067046210211,0.02318741388004189
C>T,C_jejuni_cluster8,0.05573923105701383,0.02546177471136353,0.08280405787518379,0.030210028102351672,0.062434203085168324,0.055595674151926726,0.1559354254939663,0.04130958699113423,0.07176540191583221,0.04864838998755846,0.1636570469039563,0.04044389535136638,0.037311744694919775,0.020404656463975886,0.08515969618138629,0.023119187032896303
C>T,K_pneumoniae_ST11,0.08480953127449443,0.05910017244082142,0.07571719705282966,0.049694309452892334,0.07101426555886499,0.06004075873961435,0.07023044364320422,0.07117102994199714,0.06490045461671116,0.05753252860949987,0.08042012854679409,0.05972722997335004,0.04953754506976017,0.05612164916131047,0.05235930396613897,0.0376234519517166
C>T,K_pneumoniae_ST23,0.056404940830957935,0.03800639198410631,0.052517923468947146,0.03299645849529224,0.09708905588667195,0.05277705795974772,0.056404940830957935,0.10451757795629267,0.05104949468774301,0.04508940139932619,0.07506262416861012,0.04431199792692399,0.04094324954651459,0.04232530016411846,0.17724799170769664,0.033255592986093055
C>T,K_pneumoniae_ST101,0.06629834254143646,0.058405682715074854,0.05110497237569049,0.057419100236779895,0.08681925808997631,0.06629834254143646,0.0589976322020521,0.07103393843725336,0.06570639305445948,0.06176006314127855,0.0751775848460933,0.06531176006314122,0.05031570639305452,0.059786898184688346,0.05682715074980264,0.04873717442778204
C>T,K_pneumoniae_ST147,0.07296431838975295,0.06541628545288189,0.06564501372369615,0.059240622140896655,0.07250686184812444,0.06770356816102474,0.054208600182982694,0.0779963403476669,0.06175663311985376,0.06473010064043912,0.06701738334858197,0.0663311985361392,0.0468892955169259,0.05512351326623974,0.049405306495883004,0.053064958828911137
C>T,K_pneumoniae_ST258_512,0.08119020451154237,0.055999297814447596,0.058983586412709454,0.054068287544983815,0.0847011322742034,0.061353462652505936,0.0698674624769597,0.0768015448082156,0.06460107083296752,0.06416220486263483,0.07706486439041535,0.04827525673659246,0.04713420521372761,0.054331607127183254,0.05468269990344948,0.046783112437461694
C>T,N_gonorrhoea,0.05871872118293002,0.048623540355500434,0.061618336383612846,0.08728104071366455,0.041095033526170166,0.03536642701626167,0.054208881257024555,0.06690907476648723,0.05216078840476781,0.07558572428836335,0.0695685687362158,0.08853007467972064,0.06608781980011423,0.04876478813841476,0.05888216504601644,0.08659901570473558
C>T,N_meningitidis_cluster1,0.038117073869742724,0.041842802894604854,0.05839363760120369,0.052231854983162525,0.04442215375797087,0.04438632944042417,0.15880919968474608,0.048398653005660285,0.0667407035895966,0.042953356738554084,0.1307587590456402,0.05936089417496592,0.03861861431539728,0.05595758400802466,0.06405387977359028,0.05495450311671554
C>T,N_meningitidis_cluster2,0.05035925879238631,0.04569519727719642,0.06012857683095921,0.05111559309214674,0.09838648682717768,0.05565359889070971,0.1420647926383463,0.057481406781797514,0.05874196394806509,0.04764906088491115,0.06775494768687756,0.053006428841548006,0.04411950081936209,0.03920332787091891,0.058111685364931207,0.07052817345266618
C>T,N_meningitidis_urethritis,0.06700240858331516,0.07816947668053428,0.04007006787825697,0.07554193124589456,0.07400919640902132,0.04751477994306991,0.08101598423472749,0.05430260564922259,0.04685789358440983,0.042697613312896864,0.09218305233194661,0.04313553755200346,0.050361287497262916,0.05736807532296908,0.06744033282242175,0.08232975695204724
C>T,L_pneumophila_ST1,0.049357113231024555,0.07639983409373712,0.05748652011613429,0.059560348403152136,0.03857320613853169,0.055578598092077866,0.07847366238075495,0.04263790958108656,0.057403566984653695,0.09622563251762761,0.1338863542098716,0.0644545831605143,0.041559518871837446,0.06121941103276654,0.05035255080879308,0.03683119037743669
C>T,L_pneumophila_environmental,0.05590105270472156,0.045999374630858375,0.07612132161345239,0.06340548240280712,0.047910224785463654,0.07077094118055796,0.1370253274502311,0.06889483375603661,0.048118681165966064,0.05676962095681479,0.09547302227009001,0.06212000138970923,0.03432581732272513,0.03012194698259386,0.0742104714588473,0.03283187992912484
C>T,Y_pestis,0.06301461939169889,0.04402621408166701,0.06839186691312381,0.0638548143169215,0.05444463115442782,0.05662913796000684,0.08502772643253238,0.05612502100487303,0.05864560578054109,0.0594858007057637,0.08855654511846758,0.0895647790287347,0.04755503276760196,0.050747773483448104,0.059149722735674655,0.05478070912451686
C>T,C_acnes,0.05821484992101107,0.06328142631460179,0.07006319115323857,0.06440983976529008,0.04755134281200621,0.0648273527420446,0.06521101331527865,0.07048070412999333,0.055111712931618165,0.07412547957571651,0.0774768675242609,0.0606635071090048,0.05068833220491982,0.05655608214849911,0.0585872263597383,0.06275107199277812
C>T,E_coli_lineage11,0.05225633962569868,0.05274244511058895,0.07121445353641745,0.03783521024062213,0.07737178967836028,0.04820546058494694,0.10977882200437508,0.0981122903670097,0.06011504496475735,0.06586729320262494,0.09122579599773158,0.05800858786356646,0.03734910475573186,0.04707121445353638,0.057522482378676194,0.03532366523535599
C>T,E_coli_lineage12,0.08326495148911532,0.05748901868031089,0.07071487184437905,0.04189795819858089,0.08143070907949994,0.057826905439976914,0.07761741564898395,0.07288700101366027,0.07139064536371091,0.06781869961867074,0.0828787951923541,0.049041849688661425,0.04363566153400587,0.05005550996765933,0.06024038229473377,0.03180962494569666
C>T,E_coli_lineage14,0.06767137318018873,0.049528129343770586,0.09188675104250492,0.034530689882215235,0.08917989611529745,0.05859975126197965,0.07769405223498421,0.08508303460384824,0.058307118296876105,0.05852659302070387,0.10454312678323233,0.04718706562294243,0.04221230521618258,0.04009071621918197,0.06481820177042948,0.03014119540566247
C>T,E_coli_lineage34,0.07003367003367014,0.06313131313131311,0.07289562289562285,0.035858585858585916,0.08333333333333336,0.05387205387205382,0.06750841750841761,0.08013468013468007,0.06734006734006732,0.06700336700336694,0.08973063973063973,0.05892255892255888,0.04545454545454538,0.05185185185185175,0.05740740740740748,0.035521885521885545
C>T,S_sonnei_lineage1,0.048206278026905844,0.053437967115097205,0.06203288490284003,0.024663677130044838,0.10127055306427511,0.05156950672645732,0.07249626307922274,0.1449925261584455,0.05717488789237662,0.053437967115097205,0.08034379671150968,0.055306427503736905,0.04446935724962626,0.04708520179372202,0.05156950672645732,0.05194319880418526
C>T,S_sonnei_lineage2,0.07027855865065173,0.04318936877076406,0.05008944543828266,0.028878098645540497,0.0986455405060057,0.04140046000511107,0.07487860976233063,0.1160235113723487,0.055967288525428,0.05187835420393565,0.08331203680040887,0.041656018400204435,0.04421160235113715,0.03961155123945826,0.1265014055711731,0.03347814975721956
C>T,S_sonnei_lineage3,0.056106264869151476,0.05214115781126092,0.07494052339413174,0.03806502775574941,0.09099920697858851,0.05650277557494057,0.08386201427438539,0.08901665344964323,0.06245043616177641,0.07018239492466298,0.09773988897700255,0.05134813639968273,0.041435368754956334,0.041435368754956334,0.0628469468675655,0.03092783505154629
C>T,S_flexneri_PG3,0.07486218955604293,0.05719874340584443,0.07089087783770967,0.03686799834034721,0.07984114753126664,0.05050085946298384,0.0766403888329086,0.08144152688044588,0.06419299389484907,0.06964613834390374,0.09738604706300752,0.04830774702151626,0.05138995910141668,0.046055361270819654,0.060399502104202474,0.03437851935273535
C>T,H_influenzae_Hib,0.05381790553374703,0.044193997720653404,0.06926681018108137,0.04001519564391544,0.042547802963150465,0.06812713688742567,0.09712549069266817,0.04533367101430911,0.07344561225781951,0.06622768139799931,0.10510320374825885,0.061289097125490674,0.05546410029124978,0.05419779663163227,0.06825376725338728,0.05559073065721159
