Mutation,Sample,AXA,AXC,AXG,AXT,CXA,CXC,CXG,CXT,GXA,GXC,GXG,GXT,TXA,TXC,TXG,TXT
T>A,M_abscessus_DCCs,0.09162303664921462,0.06282722513088991,0.12565445026177982,0.10471204188481782,0.031413612565444955,0.06020942408376966,0.054973821989529166,0.08376963350785387,0.0680628272251304,0.026178010471204455,0.03664921465968546,0.04712041884816646,0.0680628272251304,0.028795811518324707,0.057591623036649414,0.05235602094240891
T>A,M_abscessus_environmental,0.08147471054235068,0.04125533211456491,0.05716026812918829,0.04497257769652481,0.1211456429006739,0.06087751371115284,0.07135892748324084,0.06453382084095281,0.07915904936014806,0.05545399146861745,0.05734308348567736,0.04472882388787117,0.07556368068251265,0.05179768433881748,0.0538695917123711,0.039305301645335786
T>A,M_tuberculosis_lineage1,0.0661957090528525,0.04631083202511607,0.0347985347985332,0.05546834118262696,0.11695447409733176,0.07927786499215006,0.05285190999476671,0.0871271585557308,0.04317111459968674,0.033228676085818525,0.023024594453165768,0.0452642595499742,0.09654631083202624,0.0476190476190462,0.0667189952904253,0.10544217687074887
T>A,M_tuberculosis_lineage2,0.09879670677644263,0.05889803673210895,0.034198860037997464,0.07599746675110769,0.13616212792907206,0.07283090563647902,0.04686510449651541,0.08549715009499696,0.04876504116529525,0.03673210892970172,0.02343255224825605,0.044331855604811156,0.0823305889803683,0.046231792273591,0.054464851171628165,0.054464851171628165
T>A,M_tuberculosis_lineage3,0.16631355932203815,0.08368644067796645,0.02648305084745638,0.042372881355932424,0.08898305084745844,0.06567796610169359,0.0688559322033888,0.07838983050847442,0.05508474576271325,0.02648305084745638,0.021186440677964366,0.02966101694915159,0.13877118644067968,0.036016949152542006,0.038135593220338805,0.0338983050847452
T>A,M_tuberculosis_lineage4,0.0770636612854085,0.04447151995126223,0.030155345720378,0.02771855010660973,0.08102345415778282,0.08010965580262058,0.05726469692354392,0.08924763935424987,0.04508071885470605,0.04477611940298414,0.03198294243070246,0.04995431008224259,0.12915016752970093,0.04051172707889141,0.04873591227535845,0.12275357904355835
T>A,M_tuberculosis_lineage5,0.03785103785103726,0.046398046398044485,0.04151404151404193,0.08547008547008696,0.13308913308913667,0.07570207570207452,0.06837606837606884,0.050061050061049155,0.0,0.04761904761904604,0.0244200244200238,0.045177045177042935,0.22466422466422775,0.0122100122100119,0.05494505494505539,0.05250305250305227
T>A,M_tuberculosis_lineage6,0.0,0.11320754716981186,0.07075471698113313,0.04716981132075542,0.05660377358490307,0.08490566037735746,0.05660377358490307,0.09905660377358752,0.04245283018867873,0.028301886792448674,0.051886792452832106,0.06603773584905645,0.12735849056604193,0.04716981132075542,0.10849056603773517,0.0
T>A,M_tuberculosis_lineage7,0.09815950920245327,0.06748466257668778,0.0,0.0,0.0736196319018415,0.0,0.018404907975458042,0.08588957055214894,0.055214723926380355,0.018404907975458042,0.0368098159509192,0.030674846625765476,0.16564417177914417,0.030674846625765476,0.11656441717791442,0.20245398773006337
T>A,M_tuberculosis_orygis,0.09411764705882471,0.020588235294116113,0.014705882352940396,0.02941176470588079,0.10882352941176511,0.10882352941176511,0.07058823529411744,0.14411764705882604,0.026470588235294037,0.03235294117646975,0.044117647058823393,0.014705882352940396,0.07941176470588211,0.0735294117647064,0.07058823529411744,0.06764705882353067
T>A,M_tuberculosis_caprae,0.05351170568561861,0.07023411371237537,0.05016722408026727,0.03344481605351052,0.08361204013378075,0.07692307692307807,0.03010033444815917,0.04682274247491592,0.060200668896321315,0.020066889632105123,0.020066889632105123,0.03344481605351052,0.27090301003345035,0.05016722408026727,0.06354515050167266,0.03678929765886187
T>A,M_tuberculosis_bovis,0.05933250927070296,0.0716934487021036,0.03399258343634209,0.05067985166872561,0.16749072929542955,0.07292954264524211,0.046971569839306185,0.09826946847960685,0.03275648949319971,0.025957972805932063,0.028430160692212963,0.038318912237328834,0.08281829419035798,0.04017305315203854,0.08838071693448711,0.061804697156983855
T>A,M_canettii,0.1366459627329205,0.03834728598433655,0.038617337294086326,0.051849851471780034,0.08182554685390157,0.07588441803942808,0.052389954091277426,0.06616257088846852,0.09181744531461092,0.026194977045637637,0.03699702943559199,0.01890359168241958,0.13583580880367335,0.0359168241965972,0.041857953011070696,0.07075344315419961
T>A,M_leprae,0.0,0.09420289855072542,0.07971014492753736,0.10869565217391346,0.0,0.08695652173913448,0.057971014492752194,0.15217391304348382,0.057971014492752194,0.057971014492752194,0.057971014492752194,0.10869565217391346,0.0,0.04347826086956414,0.03623188405796702,0.057971014492752194
T>A,M_avium,0.11034853990041844,0.05443412730453595,0.03660341811330663,0.10274525635850117,0.04784012918853338,0.06203741084645324,0.040909702597228516,0.06405598169829052,0.09695868658323271,0.05974969721437255,0.043466559009552604,0.08094469115866008,0.057798412057598086,0.052617413537883184,0.024626564392408557,0.06486341003902465
T>A,M_intracellulare,0.12321365090650735,0.04720938499822383,0.04984002843938921,0.07415570565232929,0.053608247422678994,0.06320654105936664,0.03661571276217445,0.06277995023106876,0.07422680412371063,0.05780305723426994,0.05161749022395881,0.06804123711340278,0.09982225382154437,0.04294347671525155,0.02787060078208257,0.06704585851404105
T>A,M_chimaera,0.0,0.05499999999999996,0.05166666666666639,0.09000000000000008,0.11833333333333465,0.044999999999999235,0.05999999999999952,0.061666666666667105,0.0749999999999998,0.02999999999999896,0.036666666666666105,0.07833333333333337,0.15166666666666878,0.03999999999999968,0.02833333333333297,0.07833333333333337
T>A,M_kansasii_non_MKMC,0.12445141065830832,0.04075235109717912,0.03981191222570554,0.09028213166144214,0.08965517241379448,0.06551724137930959,0.050470219435736596,0.08965517241379448,0.06018808777429406,0.04576802507836873,0.026645768025077614,0.05611285266457595,0.08275862068965563,0.048275862068965614,0.022257053291535663,0.06739811912225674
T>A,M_kansasii_MKMC,0.05426356589147288,0.0310077519379845,0.03255813953488373,0.03255813953488373,0.14263565891472868,0.08527131782945738,0.0496124031007752,0.10387596899224809,0.0868217054263566,0.0248062015503876,0.03410852713178295,0.06356589147286823,0.1364341085271318,0.03410852713178295,0.026356589147286825,0.062015503875969
T>A,P_aeruginosa_ST17,0.07386363636363673,0.05397727272727284,0.059659090909090336,0.0,0.10795454545454568,0.022727272727272634,0.08522727272727304,0.01988636363636256,0.0,0.04545454545454527,0.0823863636363643,0.05397727272727284,0.26420454545454675,0.03125000000000021,0.04829545454545402,0.051136363636362765
T>A,P_aeruginosa_ST111,0.08496732026143768,0.0718954248366006,0.0,0.06535947712418319,0.0,0.08496732026143768,0.16993464052287766,0.0718954248366006,0.0,0.0588235294117635,0.039215686274509,0.0,0.20261437908496926,0.09150326797385738,0.0,0.0588235294117635
T>A,P_aeruginosa_ST146,0.036111111111111295,0.06944444444444424,0.03888888888888819,0.08333333333333307,0.10555555555555553,0.06666666666666735,0.1333333333333347,0.030555555555554587,0.06944444444444424,0.02499999999999934,0.07222222222222259,0.030555555555554587,0.0,0.06111111111111063,0.08055555555555617,0.09722222222222338
T>A,P_aeruginosa_ST175,0.0,0.0161290322580643,0.05913978494623689,0.0,0.0483870967741929,0.04301075268817147,0.20967741935483927,0.03763440860215004,0.06451612903225831,0.06451612903225831,0.06451612903225831,0.05913978494623689,0.1666666666666678,0.07526881720430119,0.04301075268817147,0.0483870967741929
T>A,P_aeruginosa_ST253,0.0,0.06738544474393568,0.07547169811320736,0.026954177897573192,0.12668463611859831,0.07277628032345058,0.12938005390835644,0.07008086253369246,0.01617250673854338,0.06199460916442077,0.14016172506738625,0.05121293800539095,0.0835579514824804,0.021563342318058284,0.056603773584905856,0.0
T>A,B_cenocepacia_ECs,0.05434782608695584,0.04347826086956467,0.11413043478260998,0.05978260869565233,0.0,0.09239130434782583,0.13586956521739232,0.05434782608695584,0.027173913043477015,0.11413043478260998,0.05434782608695584,0.016304347826085846,0.0,0.07608695652173998,0.12500000000000114,0.0326086956521735
T>A,B_pseudomallei_group1,0.03760848601735526,0.06653809064609571,0.10607521697203612,0.06171648987464073,0.08678881388621089,0.05207328833172549,0.0916104146576659,0.05496624879460058,0.11089681774349111,0.06171648987464073,0.041465766634520305,0.07907425265188081,0.04050144648023035,0.027000964320155314,0.028929604628735218,0.05303760848601544
T>A,B_pseudomallei_group2,0.036535859269281025,0.030175913396478557,0.04248985115020258,0.03315290933694188,0.1667117726657682,0.04993234100135073,0.04600811907983874,0.06184032476319385,0.06995940460081186,0.07631935047361432,0.0527740189445221,0.06806495263869929,0.10784844384303259,0.03261163734776396,0.07077131258457366,0.054803788903926606
T>A,B_pseudomallei_group3,0.11654755360088356,0.0197910940076961,0.02748763056624207,0.058273776800439527,0.159978009895551,0.04837822979659147,0.06597031335899001,0.038482682792743424,0.04398020890599184,0.06487080813633671,0.04947773501924025,0.07586586036283807,0.04617921935128939,0.05002748763056464,0.0863111599780105,0.04837822979659147
T>A,B_pseudomallei_group4,0.026951672862450045,0.027416356877320778,0.03461895910780522,0.06435873605947967,0.17681226765799674,0.04112453531598594,0.06064126394051857,0.05320631970260115,0.09084572490706376,0.046700743494425205,0.09061338289963078,0.05413568773234262,0.11686802973977711,0.017425650557621488,0.03461895910780522,0.06366171003717595
T>A,B_pseudomallei_group5,0.06630434782608831,0.03442028985507017,0.056884057971014465,0.023188405797100173,0.11358695652174104,0.060688405797098985,0.04130434782608765,0.030978260869565736,0.06865942028985245,0.024275362318840456,0.055978260869566386,0.06268115942028736,0.2355072463768156,0.03659420289855073,0.04329710144927602,0.04565217391304448
T>A,S_pneumoniae_GPSC1,0.03828032979976425,0.08421672555948134,0.07832744405182597,0.09187279151943421,0.06595995288574796,0.08186101295642093,0.09305064782096442,0.0347467608951693,0.0694935217903429,0.03239104829210887,0.07067137809187313,0.0694935217903429,0.07597173144876124,0.04004711425206173,0.05359246171966995,0.020023557126030864
T>A,S_pneumoniae_GPSC2,0.055502085338465984,0.19185113891562672,0.07475136349053751,0.04138594802694875,0.07699711260827667,0.07539300609560404,0.1241578440808494,0.048123195380172526,0.03304459416105235,0.02341995508501658,0.0660891883221047,0.068334937439847,0.05165222970805105,0.01924927815206838,0.018607635546998697,0.03144048764837972
T>A,S_pneumoniae_GPSC3,0.04077761972498889,0.21811284969180114,0.04504504504504312,0.06021811284969272,0.05832147937411153,0.05642484589853033,0.10478899952584401,0.04883831199620553,0.041725936462777176,0.05737316263631862,0.08345187292555897,0.03935514461829952,0.06211474632527393,0.02987197724039814,0.03888098624940768,0.01469890943574853
T>A,S_pneumoniae_GPSC6,0.07931034482758638,0.050246305418719266,0.046305418719211795,0.08128078817734216,0.06403940886699339,0.09458128078817937,0.1334975369458172,0.04236453201970432,0.05320197044334886,0.037438423645318956,0.07192118226600833,0.07241379310344932,0.07635467980295679,0.05320197044334886,0.022167487684725967,0.02167487684728906
T>A,S_pneumoniae_GPSC54,0.03337969401946934,0.09874826147427038,0.05146036161335011,0.0723226703755231,0.07371349095966752,0.05563282336578674,0.184979137691241,0.0709318497913753,0.04172461752433921,0.0,0.141863699582754,0.02920723226703609,0.07927677329624518,0.022253129346314023,0.026425591098747266,0.018080667593880776
T>A,S_agalactiae_CC1,0.05937921727395361,0.0665766981556456,0.06837606837606801,0.09356725146198878,0.06837606837606801,0.13315339631129355,0.11650922177238096,0.048133153396310614,0.03283850652271661,0.041835357624831,0.07152496626180899,0.04318488529014723,0.06522717049032938,0.03463787674313902,0.03643724696356143,0.02024291497975739
T>A,S_agalactiae_CC10,0.07856191744340821,0.09287616511318293,0.03961384820239757,0.07023968042609975,0.056258322237017155,0.15179760319574243,0.050599201065245694,0.06258322237017287,0.03462050599201035,0.0925432756324908,0.057589880159788324,0.03928095872170277,0.08988015978695113,0.02063914780292776,0.02696404793608347,0.03595206391477885
T>A,S_agalactiae_CC17,0.04957759004001638,0.0794797687861262,0.07636727434415207,0.06969764339706466,0.09415295686972104,0.13750555802578918,0.08770564695420321,0.07003112494442032,0.032792352156514354,0.07047576700755948,0.04513116940862477,0.027901289461983596,0.06425077812361123,0.03634948866162764,0.029902178746109814,0.028679413072475846
T>A,S_agalactiae_CC19,0.06217995610826683,0.07783467446964228,0.05779078273591707,0.07403072421360582,0.05925384052670032,0.15581565471836287,0.07973664959766051,0.05925384052670032,0.025749817117774545,0.06057059253840525,0.05954645208485697,0.04169714703730664,0.06539868324798999,0.04520848573518645,0.04447695683979482,0.031455742501829226
T>A,S_agalactiae_CC23,0.0848131460376369,0.19003445534058047,0.06016432547044697,0.07500662602703403,0.04055128544924342,0.13093029419560212,0.07580174927113714,0.032335011926848976,0.033925258415053,0.04585210707659751,0.02544394381129085,0.03578054598462693,0.07023588656241755,0.04108136761197883,0.0280943546249657,0.029949642194539633
T>A,S_equi,0.08735632183908079,0.16091954022988603,0.06436781609195373,0.04827586206896615,0.0329501915708803,0.0659003831417623,0.06360153256705028,0.036015325670497464,0.09578544061302714,0.036015325670497464,0.08582375478927219,0.04827586206896615,0.09195402298850654,0.05977011494252797,0.02068965517241333,0.002298850574712023
T>A,S_pyogenes_phylogroup0,0.04741379310344768,0.07471264367816208,0.10201149425287333,0.07902298850574824,0.0,0.07614942528735642,0.15804597701149647,0.04166666666666719,0.03304597701149489,0.08764367816092054,0.05747126436781431,0.053160919540228155,0.07614942528735642,0.021551724137930762,0.03879310344827537,0.053160919540228155
T>A,S_pyogenes_phylogroup1,0.10626702997275161,0.1198910081743872,0.14986376021798722,0.09536784741144486,0.0,0.0354223433242491,0.02724795640326689,0.06267029972752029,0.12806539509536943,0.03269754768392456,0.03814713896457794,0.0,0.11716621253406266,0.05994550408719145,0.0,0.02724795640326689
T>A,S_pyogenes_phylogroup2,0.08333333333333359,0.01822916666666549,0.05989583333333229,0.08854166666666659,0.04687499999999979,0.13281250000000266,0.026041666666664992,0.044270833333333294,0.02864583333333149,0.06249999999999878,0.0,0.07552083333333409,0.2291666666666716,0.07552083333333409,0.013020833333332496,0.015624999999998996
T>A,S_pyogenes_phylogroup3,0.09360730593607397,0.036529680365295386,0.01826484018264624,0.0844748858447494,0.13698630136986567,0.0958904109589051,0.0,0.0,0.027397260273970814,0.08904109589041168,0.1278538812785411,0.05251141552511339,0.10273972602739855,0.06849315068493139,0.02511415525113967,0.041095890410957674
T>A,S_aureus_ST22,0.09336099585062255,0.0767634854771789,0.08402489626556199,0.10477178423236738,0.026970954356844615,0.06120331950207572,0.178423236514525,0.042531120331951215,0.041493775933610776,0.03526970954356813,0.06535269709543406,0.0051867219916987865,0.08091286307054067,0.04564315352696913,0.026970954356844615,0.031120331950206376
T>A,S_aureus_ST239,0.07211538461538508,0.04987980769230761,0.052884615384615724,0.08473557692307625,0.0811298076923078,0.06430288461538462,0.10637019230769339,0.05048076923076955,0.03485576923076865,0.09014423076923055,0.0811298076923078,0.033653846153846374,0.05348557692307606,0.03185096153846054,0.05048076923076955,0.0625000000000004
T>A,S_aureus_ST772,0.06949999999999934,0.07349999999999969,0.06050000000000048,0.10000000000000103,0.05249999999999978,0.08049999999999966,0.10350000000000102,0.043000000000000545,0.07250000000000152,0.045499999999999804,0.0940000000000018,0.04099999999999909,0.055999999999999765,0.043999999999998714,0.03699999999999874,0.026999999999999153
T>A,S_aureus_CC398,0.08332850101478657,0.06981733835894549,0.058451725137720574,0.09312844302696559,0.07932734125833572,0.06262684836184361,0.08616990432009326,0.06604812989272238,0.04836184401275643,0.044302696433748186,0.07590605972745694,0.0432589156277188,0.0697013627138307,0.0265004349086693,0.04789794143229913,0.04517251377210723
T>A,S_epidermidis_groupA,0.05505966977276392,0.05290174922347587,0.05264018309628933,0.05617132581330703,0.07840444662416184,0.09252901749223506,0.12914827529834966,0.054111492561713166,0.05129965669445814,0.0686284126205656,0.06794180153670139,0.0377963053784534,0.05044956678110159,0.04848782082720314,0.05715219879025626,0.04727807748896462
T>A,S_epidermidis_groupB,0.041297052348075104,0.03167817369557298,0.050296047709638185,0.03428595857469595,0.09898894897719285,0.08701878887630136,0.21178633264220034,0.051450313147938395,0.04974029027638202,0.04574311181412021,0.08218797426415583,0.03661586473719033,0.04713250539725905,0.0351623452963686,0.06820853728918648,0.028407754953722025
T>A,S_epidermidis_groupC,0.04993316500816858,0.03344720035645347,0.04497252339224668,0.039269270755977866,0.10316352294668091,0.08643992276845372,0.19394029407396518,0.056022575375018493,0.05023020941630753,0.04797267191445148,0.06820139610871832,0.03418981137680039,0.05667607307292419,0.03573444229912386,0.06612208525174473,0.03368483588296463
T>A,S_haemolyticus,0.06308387744851793,0.0575590155700651,0.04530386740331516,0.06961325966850908,0.09593169261677596,0.080060271220492,0.13611250627825267,0.05715720743345074,0.04500251130085379,0.04229030637870387,0.05775991963837228,0.043696634856855314,0.054445002511300813,0.03917629331993958,0.06177800100452067,0.05102963335007517
T>A,S_typhimurium,0.04456824512534907,0.10956360259981539,0.032497678737231854,0.01949860724233859,0.10492107706592475,0.07613741875580227,0.22841225626741204,0.025998142989786525,0.06128133704735432,0.03714020427112249,0.10677808727948203,0.025998142989786525,0.06406685236768767,0.025069637883007877,0.01949860724233859,0.018570102135559943
T>A,E_faecalis_pp2,0.07347167694896307,0.04598990465507503,0.04262478968031387,0.07851934941110543,0.1099270891755471,0.10880538418395963,0.06898485698261318,0.05384183959618608,0.04879416713404371,0.0639371845204708,0.07627593942793048,0.03813796971396524,0.0723499719573756,0.03869882220975898,0.0207515423443632,0.058889512058328444
T>A,E_faecalis_pp6,0.08555133079847922,0.03897338403041825,0.03897338403041825,0.07414448669201514,0.08269961977186394,0.06939163498098916,0.1444866920152104,0.08365019011406855,0.04847908745247166,0.0361216730038015,0.09695817490494332,0.016159695817490067,0.06273764258555103,0.03422053231939081,0.041825095057033544,0.045627376425854904
T>A,E_faecalis_pp7,0.054528650646949096,0.04713493530499088,0.03789279112754104,0.09334565619223678,0.05360443622920578,0.07855822550831869,0.12014787430683967,0.07763401109057372,0.04713493530499088,0.052680221811460794,0.07024029574861383,0.03881700554528602,0.08225508317929696,0.03696857670979605,0.044362292051755924,0.06469500924214393
T>A,C_jejuni_cluster2,0.028997653369088848,0.04039557492456969,0.03302044921220008,0.08464632919879318,0.09436808581964773,0.08917197452229406,0.14146832048274,0.034026148172979324,0.06620851491786914,0.088333892054978,0.11247066711364537,0.04961448206503461,0.0370432450553113,0.020449212202476766,0.06805229634596444,0.011733154542407264
T>A,C_jejuni_cluster5,0.032318410527671794,0.044058831118566025,0.04818733066701082,0.08650496710101958,0.09385885692168933,0.09489098180880204,0.19049154947749067,0.024577473874335534,0.04960650238679005,0.07650625725713067,0.11727519029802531,0.031802348084118456,0.027093278286667855,0.029996129531672723,0.03993033157012123,0.012901561088887731
T>A,C_jejuni_cluster6,0.0,0.04110996916752154,0.08735868448098678,0.10791366906474754,0.080164439876667,0.06474820143884992,0.1808838643371088,0.03494347379239331,0.0904419321685544,0.06783144912641055,0.11510791366906732,0.016443987667008615,0.028776978417265082,0.024665981500512926,0.05241521068859347,0.00719424460431277
T>A,C_jejuni_cluster7,0.023045459080175457,0.0364803298859359,0.03139237138771619,0.05207675168767382,0.1003957301054171,0.1415317082903824,0.21040204848525787,0.01745868112134622,0.05915998802833161,0.08546440091782809,0.09863323467792896,0.028964783346079145,0.02700276013434634,0.02806690831698028,0.05061354793655053,0.009311296598050165
T>A,C_jejuni_cluster8,0.028657885368456617,0.03174320636050868,0.03512519283256291,0.051263794944821035,0.07891301768126383,0.15598670938649947,0.21692179897947694,0.025097899608398325,0.04687314584074838,0.05470511451287662,0.10786756852972723,0.03411653020054447,0.03423519639254718,0.03049721134448482,0.05779043550492408,0.01020529251215944
T>A,K_pneumoniae_ST11,0.07501589319771147,0.08137317228226346,0.03496503496503495,0.06357279084551791,0.06102987921169711,0.05467260012714513,0.13604577240940954,0.057215511760965926,0.06102987921169711,0.03941513032422133,0.06102987921169711,0.031786395422758955,0.0680228862047043,0.041322314049586924,0.04640813731722851,0.08709472345836024
T>A,K_pneumoniae_ST23,0.07386794839362557,0.0432582848469513,0.01669618011636681,0.09916519099418179,0.06096635466734144,0.046040981533012795,0.10118897040222631,0.062231216797368996,0.04148747786491243,0.02403238047052866,0.029091828990639616,0.05793068555527429,0.12218568176068853,0.02580318745256753,0.02630913230457884,0.16974449784973525
T>A,K_pneumoniae_ST101,0.07732497387669802,0.06896551724137905,0.029258098223615414,0.04963427377220453,0.14263322884012597,0.0642633228840126,0.12800417972831787,0.06165099268547536,0.04806687565308262,0.04075235109717823,0.06008359456635345,0.03291536050156725,0.06948798328108705,0.026645768025078183,0.03291536050156725,0.06739811912225713
T>A,K_pneumoniae_ST147,0.07083906464924328,0.07496561210453957,0.030949105914717792,0.0804676753782669,0.08940852819807459,0.050206327372765015,0.13342503438789557,0.04539202200825281,0.05089408528198093,0.05708390646492418,0.04814305364511648,0.05158184319119685,0.07840440165061915,0.03782668500687775,0.04676753782668464,0.0536451169188446
T>A,K_pneumoniae_ST258_512,0.06315532796878831,0.08339429407461614,0.04681784930504717,0.059009997561570444,0.08436966593513824,0.06559375762009227,0.1377712752987081,0.04462326261887351,0.05388929529383048,0.04633016337478655,0.07290904657400675,0.0365764447695681,0.06754450134113649,0.03682028773469841,0.03901487442087293,0.0621799561082662
T>A,N_gonorrhoea,0.03821284051562334,0.03212214759501104,0.07897042259396628,0.029285386508695728,0.11776730215677536,0.13182595636394318,0.0649952025364005,0.05076968003003432,0.06274248049726523,0.08998373034083079,0.11614033623962687,0.041425055275125015,0.07383922239372609,0.02657377664677777,0.025280547328020316,0.02006591297817809
T>A,N_meningitidis_cluster1,0.059322033898307244,0.027845036319613,0.03995157384987592,0.07869249394673265,0.2820823244552172,0.042372881355932056,0.09927360774818315,0.0460048426150133,0.014527845036319055,0.03147699757868832,0.11864406779661449,0.03874092009685081,0.04358353510895716,0.014527845036319055,0.04479418886198227,0.018159806295394376
T>A,N_meningitidis_cluster2,0.10104529616724997,0.08013937282230277,0.05574912891985918,0.13240418118467595,0.0,0.11846689895470075,0.15679442508710914,0.08013937282230277,0.0,0.05923344947734516,0.11498257839721475,0.020905923344947192,0.03832752613239797,0.041811846689894384,0.0,0.0
T>A,N_meningitidis_urethritis,0.06818181818182067,0.053030303030299944,0.06060606060605708,0.09090909090909208,0.0,0.0,0.2196969696969763,0.053030303030299944,0.0,0.06060606060605708,0.15909090909091278,0.045454545454542805,0.08333333333333495,0.0,0.07575757575757781,0.03030303030302854
T>A,L_pneumophila_ST1,0.06747967479674843,0.06707317073170727,0.07479674796747984,0.06707317073170727,0.049999999999999566,0.05691056910569088,0.08739837398374002,0.06991869918699224,0.04430894308943069,0.02886178861788553,0.04024390243902436,0.05081300813008083,0.054878048780488256,0.04349593495934942,0.05203252032520327,0.14471544715447207
T>A,L_pneumophila_environmental,0.05132591958939225,0.03892215568862287,0.051753635585970924,0.029084687767321454,0.08083832335329444,0.0765611633875097,0.18605645851154898,0.07613344739093307,0.06116338751069367,0.03934987168520154,0.08169375534644975,0.03592814371257416,0.059880239520957626,0.03934987168520154,0.05945252352437894,0.032506415739948835
T>A,Y_pestis,0.05571428571428548,0.05285714285714274,0.025714285714284673,0.03571428571428427,0.11714285714285849,0.07714285714285807,0.2600000000000037,0.02142857142857056,0.05714285714285685,0.015714285714285077,0.09000000000000041,0.0042857142857141125,0.0757142857142867,0.0342857142857129,0.058571428571428226,0.01857142857142782
T>A,C_acnes,0.07880169325952456,0.044448062520351425,0.04721589058938287,0.06024096385542058,0.07896450667535253,0.045913383262779446,0.07163790296320569,0.11299251058287312,0.06447411266688344,0.05714750895473659,0.03712145880820458,0.04102898078801826,0.08042982741778056,0.05747313578638913,0.048192771084337144,0.07391729078476
T>A,E_coli_lineage11,0.03966597077244235,0.03757828810020918,0.016701461377870555,0.054279749478079745,0.08420320111343049,0.08350730688935278,0.19415448851774716,0.05984690327070326,0.0800278357689624,0.009046624913012115,0.10995128740431492,0.03966597077244235,0.0563674321503129,0.04105775922059778,0.03409881697981883,0.05984690327070326
T>A,E_coli_lineage12,0.04327301337529412,0.0456333595594011,0.029897718332022247,0.047206923682139586,0.08025177025963882,0.06766325727773392,0.20613690007868027,0.05428796223446053,0.056254917387884025,0.034618410700236205,0.10306845003934013,0.028717545239968757,0.06530291109362693,0.03658536585365818,0.05428796223446053,0.04681353265145459
T>A,E_coli_lineage14,0.02871794871794865,0.0441025641025641,0.01743589743589625,0.03282051282051316,0.09743589743589835,0.06871794871794823,0.2969230769230794,0.02820512820512736,0.06923076923076953,0.02205128205128205,0.1287179487179491,0.01794871794871754,0.05128205128205054,0.03282051282051316,0.04153846153846055,0.02205128205128205
T>A,E_coli_lineage34,0.007502679528402079,0.04715969989281876,0.012861736334404298,0.03429796355841318,0.16934619506966989,0.09860664523043983,0.22508038585209197,0.04501607717041762,0.032154340836012034,0.061093247588424285,0.061093247588424285,0.02357984994640874,0.05466237942122213,0.03644158628081433,0.050375133976419836,0.040728831725616615
T>A,S_sonnei_lineage1,0.07569721115537906,0.043824701195218405,0.05179282868525812,0.047808764940238266,0.07171314741035921,0.1075697211155379,0.1075697211155379,0.01593625498007942,0.12749003984063897,0.035856573705178696,0.01593625498007942,0.035856573705178696,0.08366533864541877,0.09163346613545849,0.023904382470119133,0.06374501992031949
T>A,S_sonnei_lineage2,0.012499999999999867,0.05312500000000049,0.028124999999998637,0.009374999999998839,0.028124999999998637,0.11875000000000085,0.34375000000000483,0.012499999999999867,0.028124999999998637,0.012499999999999867,0.15625000000000258,0.028124999999998637,0.056249999999999405,0.028124999999998637,0.07187500000000029,0.012499999999999867
T>A,S_sonnei_lineage3,0.01904761904761801,0.03174603174603203,0.009523809523809004,0.014285714285714263,0.09999999999999984,0.10317460317460335,0.3380952380952416,0.04761904761904805,0.05714285714285705,0.0063492063492054975,0.09047619047619083,0.014285714285714263,0.0682539682539678,0.03174603174603203,0.05079365079365004,0.017460317460316253
T>A,S_flexneri_PG3,0.020125223613594877,0.09347048300536731,0.017441860465115665,0.03085867620751329,0.08363148479427635,0.09615384615384653,0.2280858676207534,0.02817531305903408,0.046064400715562684,0.02817531305903408,0.1440071556350641,0.027280858676206634,0.05813953488372149,0.03220035778175211,0.04338103756708347,0.02280858676207409
T>A,H_influenzae_Hib,0.010291595197254628,0.024013722126929204,0.0,0.0,0.08233276157804484,0.06003430531732301,0.34991423670669125,0.02229845626071923,0.051457975986278354,0.07032590051458025,0.24185248713550722,0.0,0.030874785591766492,0.030874785591766492,0.025728987993139177,0.0
