Mutation,Sample,AXA,AXC,AXG,AXT,CXA,CXC,CXG,CXT,GXA,GXC,GXG,GXT,TXA,TXC,TXG,TXT
T>G,M_abscessus_DCCs,0.03338171262699557,0.03918722786647268,0.04789550072568943,0.011611030478954223,0.10304789550072635,0.07692307692307716,0.0566037735849051,0.06966618287372969,0.046444121915820154,0.08417997097242357,0.0870827285921632,0.1320754716981141,0.037735849056603404,0.0435413642960816,0.0566037735849051,0.0740203193033386
T>G,M_abscessus_environmental,0.04194563348333446,0.027329601580506565,0.04179929023524724,0.02540884644934592,0.12978816814839325,0.1068488640105368,0.09259869022793044,0.0605678118025823,0.03735411407456144,0.06124464932499111,0.051073793582849004,0.041177331430871315,0.11387333991878061,0.05306772033805257,0.06539713898949967,0.05052500640251739
T>G,M_tuberculosis_lineage1,0.01806736429038604,0.04422825376062766,0.031066056245911636,0.028041203400915336,0.12058534990189777,0.11903204708960145,0.10807717462393769,0.1501798561151083,0.03057553956834498,0.0684270765206015,0.06376716808371481,0.06303139306736484,0.04095814257684688,0.04275670372792654,0.043574231523871736,0.027632439502942738
T>G,M_tuberculosis_lineage2,0.020452567449956414,0.03423266608645178,0.02625471424427017,0.02320858717725503,0.1041485349579349,0.10617928633594449,0.10908035973310137,0.11821874093414603,0.044966637655932756,0.09297940237888067,0.06875543951262009,0.08137510879025238,0.026399767914127674,0.03974470554104977,0.049173194081810194,0.05483028720626645
T>G,M_tuberculosis_lineage3,0.028608582574771765,0.03849154746423932,0.030689206762028097,0.018205461638491044,0.08764629388816639,0.14538361508452582,0.13263979193758174,0.14096228868660704,0.03589076723016891,0.07308192457737302,0.05461638491547494,0.0543563068920679,0.04083224967490268,0.044733420026007394,0.04005201560468156,0.033810143042912584
T>G,M_tuberculosis_lineage4,0.021072528703444265,0.03808457014841736,0.03010361243349169,0.03255390646877606,0.0864603752450297,0.1264351722206672,0.10151218146177594,0.14120694483338012,0.04326519182301861,0.08190982917950182,0.07539904788574629,0.06692803136376389,0.03339400728087362,0.044595351442172894,0.04347521702604281,0.03360403248389782
T>G,M_tuberculosis_lineage5,0.03531300160513581,0.045585874799358016,0.023756019261636556,0.03852327447833086,0.11235955056179847,0.11139646869983998,0.08507223113964739,0.08057784911717528,0.027929373996789145,0.09759229534510419,0.0712680577849116,0.08057784911717528,0.06741573033707851,0.042696629213483446,0.05553772070625975,0.024398073836275565
T>G,M_tuberculosis_lineage6,0.0,0.059428571428570845,0.04571428571428622,0.04685714285714223,0.027428571428570622,0.09714285714285804,0.07542857142857164,0.10171428571428624,0.060571428571428235,0.09600000000000065,0.059428571428570845,0.09714285714285804,0.060571428571428235,0.06285714285714303,0.04685714285714223,0.06285714285714303
T>G,M_tuberculosis_lineage7,0.028368794326240874,0.04698581560283688,0.04432624113475168,0.027482269503545802,0.0434397163120566,0.12588652482269538,0.05141843971631223,0.08599290780141859,0.06294326241134769,0.07003546099290779,0.0593971631205674,0.05585106382978712,0.047872340425531956,0.15159574468085146,0.029255319148935945,0.06914893617021273
T>G,M_tuberculosis_orygis,0.06515957446808529,0.05186170212765966,0.02659574468085026,0.027925531914893127,0.0824468085106385,0.13430851063829818,0.08510638297872324,0.1117021276595745,0.011968085106382769,0.13164893617021345,0.03058510638297885,0.1156914893617021,0.0,0.08776595744680896,0.006648936170212316,0.03058510638297885
T>G,M_tuberculosis_caprae,0.0,0.04658721560130007,0.032502708559045974,0.06717226435536278,0.04008667388949049,0.09425785482123507,0.05308775731310965,0.09100758396533028,0.06717226435536278,0.14084507042253608,0.03466955579631583,0.11917659804983846,0.058504875406284296,0.060671722643553194,0.04550379198266514,0.04875406283856992
T>G,M_tuberculosis_bovis,0.025235109717868038,0.052978056426332215,0.028369905956112478,0.03213166144200619,0.04827586206896508,0.10015673981191228,0.05015673981191193,0.07257053291536067,0.038714733542319205,0.14702194357366818,0.05893416927899693,0.11912225705329242,0.05470219435736651,0.055015673981191636,0.04357366771159891,0.07304075235109737
T>G,M_canettii,0.04412960167227981,0.0354198118685404,0.04076181628150023,0.0282197189641154,0.11961444663802169,0.09940773429334604,0.09127859714318938,0.0649169666705373,0.03135524329346207,0.046219951225176976,0.030426199047729485,0.045174776448728395,0.16606665892463157,0.06201370340262447,0.045639298571594225,0.04935547555452272
T>G,M_leprae,0.1066098081023466,0.07462686567164208,0.03624733475479627,0.049040511727078816,0.05543710021322009,0.025586353944563257,0.049040511727078816,0.11727078891258144,0.0319829424307027,0.06183368869935953,0.049040511727078816,0.053304904051172386,0.02345415778251556,0.17270788912580154,0.010660980810233018,0.08315565031982923
T>G,M_avium,0.05071876898157511,0.03304312613889368,0.03516906256327143,0.0329013970439354,0.08406560032395251,0.10581089289329919,0.06525612472160365,0.08110953634338987,0.03529054464466492,0.060133630289532516,0.04091921441587362,0.052318283053249315,0.12061145980967834,0.062158331646082754,0.06333265843288094,0.07716136869811692
T>G,M_intracellulare,0.053071513864933334,0.029764274025916318,0.036287647605147404,0.02640307814780361,0.11118482154703523,0.09873512891955295,0.07259740834107342,0.07920923444341287,0.040223784883463454,0.05006412807925306,0.04561938879306545,0.038189376851974155,0.13199327760824453,0.057626818805005885,0.06826323470876974,0.0607668833753487
T>G,M_chimaera,0.015530629853321133,0.039689387402933526,0.03019844693701446,0.04659188955996505,0.11130284728214042,0.09404659188956038,0.04227782571182025,0.1302847282139777,0.04486626402070696,0.0491803278688526,0.037963761863675435,0.0534943917169974,0.1311475409836072,0.056945642795513576,0.0431406384814497,0.07333908541846416
T>G,M_kansasii_non_MKMC,0.05213884487973542,0.02462912285755411,0.039608238513610394,0.04248883767823664,0.16318594267607783,0.09217917326803984,0.06409333141293443,0.07547169811320743,0.03298286043496984,0.04522540688463186,0.0316865908108887,0.045657496759325886,0.10787843871525317,0.05401123433674162,0.061212732248307235,0.06755005041048573
T>G,M_kansasii_MKMC,0.034653465346534656,0.033663366336633666,0.054455445544554455,0.040594059405940595,0.09108910891089109,0.07524752475247524,0.05148514851485149,0.061386138613861385,0.07326732673267326,0.07425742574257425,0.09207920792079208,0.07326732673267326,0.10891089108910891,0.04455445544554456,0.04356435643564356,0.047524752475247525
T>G,P_aeruginosa_ST17,0.0,0.0084507042253511,0.03943661971830908,0.0,0.0,0.022535211267605562,0.04788732394366149,0.04225352112676076,0.08732394366197188,0.24225352112676177,0.1802816901408458,0.05352112676056354,0.08732394366197188,0.03098591549295798,0.05915492957746427,0.09859154929577467
T>G,P_aeruginosa_ST111,0.08965517241379341,0.02758620689655135,0.037931034482757954,0.0,0.09655172413793155,0.07241379310344866,0.07241379310344866,0.037931034482757954,0.0,0.15172413793103545,0.1896551724137934,0.07586206896551712,0.10689655172413814,0.02758620689655135,0.013793103448275073,0.0
T>G,P_aeruginosa_ST146,0.0,0.027093596059112334,0.044334975369458074,0.02463054187192101,0.0935960591133001,0.032019704433497574,0.027093596059112334,0.03694581280788151,0.044334975369458074,0.1896551724137941,0.1798029556650249,0.06403940886699515,0.1527093596059126,0.019704433497537067,0.019704433497537067,0.044334975369458074
T>G,P_aeruginosa_ST175,0.0,0.047008547008547195,0.029914529914529465,0.0,0.11965811965811964,0.02136752136752105,0.05982905982905982,0.029914529914529465,0.0,0.11111111111111122,0.16239316239316262,0.17521367521367612,0.0,0.02136752136752105,0.07264957264957245,0.14957264957264998
T>G,P_aeruginosa_ST253,0.07222222222222255,0.02037037037037013,0.03888888888888885,0.07407407407407396,0.10370370370370391,0.03888888888888885,0.05370370370370382,0.05370370370370382,0.09074074074074034,0.10740740740740765,0.12962962962963012,0.03518518518518511,0.057407407407407574,0.02037037037037013,0.07037037037037022,0.03333333333333278
T>G,B_cenocepacia_ECs,0.0,0.03043478260869589,0.03478260869565162,0.0,0.0,0.0956521739130434,0.11739130434782638,0.1347826086956522,0.04347826086956452,0.16956521739130526,0.10869565217391348,0.039130434782608796,0.0956521739130434,0.07826086956521759,0.0,0.052173913043477425
T>G,B_pseudomallei_group1,0.0521555622550497,0.03466988242387601,0.04492010853180575,0.006331022007838043,0.10129635212541524,0.12179680434127307,0.131444075972265,0.1205908953873991,0.03466988242387601,0.0940608984021713,0.0633102200783837,0.024721133554415995,0.02532408803135381,0.06210431112450972,0.049442267108833635,0.03316249623153393
T>G,B_pseudomallei_group2,0.046211998049096766,0.022638595350349615,0.032271175418630366,0.03113314908145002,0.15566574540725164,0.0678751422532929,0.06442041944399288,0.05730775483661155,0.06348561209559381,0.0572671110388556,0.08177532108600181,0.051089253779873355,0.09376524142415972,0.03889611445293417,0.09079824418793721,0.045399122093968604
T>G,B_pseudomallei_group3,0.01750227894257032,0.022060164083864877,0.022060164083864877,0.04083865086599791,0.1755697356426625,0.05615314494074751,0.07639015496809486,0.060164083865085746,0.04612579762989888,0.04649042844120358,0.07274384685505982,0.07803099361896078,0.08404740200546966,0.04175022789425742,0.07620783956244324,0.08386508659981805
T>G,B_pseudomallei_group4,0.03811783313562671,0.027678924476076668,0.034875444839857515,0.03281929616449133,0.150573349149863,0.05472518782127369,0.06959272439699431,0.06381969157769837,0.06816923685251103,0.06374060893633882,0.08991696322657265,0.04974298141557976,0.10612890470541701,0.025939106366151935,0.09039145907473321,0.03376828786081405
T>G,B_pseudomallei_group5,0.017357762777241943,0.02063645130183173,0.03580842172934766,0.03150112504017948,0.11803278688524613,0.05438765670202567,0.06698810671809716,0.07309546769527446,0.07534554805528738,0.04506589521054244,0.07393121182899363,0.07598842815814888,0.14291224686596066,0.036129861780777636,0.0912889746062371,0.04153005464480806
T>G,S_pneumoniae_GPSC1,0.08098396904367053,0.07517965726920946,0.049751243781094134,0.04311774461028118,0.07462686567164221,0.0384190160309566,0.04615809839690403,0.01768933112216586,0.08291873963515688,0.07545605306799408,0.11028192371476057,0.07739082365948043,0.05804311774461083,0.04090657822001019,0.08126036484245516,0.04781647318960777
T>G,S_pneumoniae_GPSC2,0.05856481481481419,0.1143518518518521,0.05208333333333243,0.03865740740740771,0.037037037037036695,0.04259259259259152,0.05462962962963038,0.014351851851851663,0.08379629629629717,0.15277777777777923,0.10115740740740799,0.060648148148148666,0.05370370370370344,0.04791666666666575,0.05069444444444429,0.037037037037036695
T>G,S_pneumoniae_GPSC3,0.04624407850214269,0.13151364764268206,0.04849988720956359,0.046018497631399945,0.04286036544101024,0.05616963681479727,0.053913828107376376,0.02323482968644162,0.07963004737198384,0.12406947890818894,0.033611549740581705,0.061132415971126765,0.06564403338596857,0.0766974960523347,0.06925332731784375,0.04150688021655814
T>G,S_pneumoniae_GPSC6,0.08093209721874237,0.09696817840140344,0.03332498120771781,0.0463542971686289,0.05111500876973114,0.037334001503383084,0.03507892758707007,0.030819343522926496,0.10248058130794267,0.1009771986970687,0.06664996241543562,0.08494111751440762,0.09295915810573817,0.03858682034577666,0.06213981458281167,0.03933851165121571
T>G,S_pneumoniae_GPSC54,0.09134233518665581,0.09213661636219181,0.06513105639396384,0.026211278792691965,0.042096902303415895,0.015885623510721994,0.06592533756949984,0.02462271644161996,0.040508339952341946,0.1564733915806216,0.06036536934074589,0.09451945988880175,0.06513105639396384,0.05559968228752987,0.07625099285146983,0.02779984114376397
T>G,S_agalactiae_CC1,0.03833865814696472,0.07759014148790576,0.036513007759014476,0.04244637151985338,0.05294386125056909,0.0269283432222727,0.07530807850296736,0.037425832952988417,0.06709265175718768,0.12049292560474731,0.06526700136923742,0.128708352350527,0.023733455043357988,0.06983112733911423,0.10086718393427797,0.036513007759014476
T>G,S_agalactiae_CC10,0.04575556893437597,0.07284768211920511,0.05267910897050005,0.04184226369656839,0.04003612281757897,0.05749548464780354,0.04575556893437597,0.04726068633353422,0.1005418422636966,0.0975316074653825,0.09030704394942969,0.09993979530403425,0.03491872366044431,0.05839855508729704,0.08699578567128202,0.02769416014449148
T>G,S_agalactiae_CC17,0.04879116070451679,0.08664259927797854,0.037195055245595764,0.06946723553221688,0.029318455311234306,0.027349305327643944,0.17153484301499036,0.033147358057105725,0.06673230499945375,0.13707471830215776,0.04933814681107093,0.0793129854501687,0.022098238704736307,0.03358494694234802,0.0793129854501687,0.029099660868613153
T>G,S_agalactiae_CC19,0.05054410080183229,0.07502863688430732,0.055412371134021865,0.04123711340206072,0.04911225658648242,0.05226231386025214,0.059707903780068884,0.048969072164947426,0.07703321878579714,0.1403207331042407,0.051546391752577206,0.08462199312714887,0.042955326460480565,0.057130584192439104,0.07388316151202741,0.04023482245131581
T>G,S_agalactiae_CC23,0.04161028416779477,0.1515561569688791,0.052097428958049904,0.06393775372124473,0.02435723951285527,0.040595399188092116,0.016238159675236848,0.02604871447902355,0.07916102841677893,0.13294993234100275,0.08152909336941845,0.09100135317997374,0.027063599458726207,0.05480378890392365,0.07543978349120534,0.04161028416779477
T>G,S_equi,0.07797123391370198,0.09235427706283202,0.0590461771385306,0.017411052233155914,0.01059803179409476,0.025738077214230853,0.03406510219530579,0.018168054504163648,0.14155942467827562,0.20514761544284754,0.11052233156699567,0.06585919757759344,0.03406510219530579,0.03179409538228597,0.05147615442846339,0.024224072672217076
T>G,S_pyogenes_phylogroup0,0.05658324265506053,0.10446137105549581,0.026115342763873353,0.043525571273121455,0.02067464635473227,0.043525571273121455,0.032644178454841695,0.044613710554951114,0.13928182807399442,0.10663764961915273,0.07290533188248138,0.08813928182807497,0.034820457018498605,0.07943416757344972,0.07072905331882447,0.03590859630032586
T>G,S_pyogenes_phylogroup1,0.03831417624520947,0.12835249042145822,0.06130268199233636,0.028735632183906346,0.01724137931034441,0.05172413793103324,0.09578544061302821,0.022988505747126887,0.09003831417624573,0.11685823754789326,0.05172413793103324,0.07088122605363947,0.08237547892720444,0.055555555555556906,0.06321839080459819,0.024904214559385702
T>G,S_pyogenes_phylogroup2,0.05924170616113861,0.10189573459715728,0.07345971563981064,0.04502369668246401,0.042654028436018676,0.030805687203791975,0.09241706161137592,0.08056872037914667,0.10663507109004795,0.056872037914690705,0.030805687203791975,0.08530805687203735,0.049763033175354694,0.049763033175354694,0.08767772511848268,0.00710900473933602
T>G,S_pyogenes_phylogroup3,0.057851239669420816,0.04407713498622455,0.06887052341597784,0.08539944903581335,0.027548209366389024,0.0,0.030303030303028278,0.033057851239667535,0.06887052341597784,0.07162534435261708,0.11570247933884513,0.1707988980716302,0.11019283746556663,0.02203856749311052,0.09366391184573111,0.0
T>G,S_aureus_ST22,0.021575984990616824,0.05628517823639856,0.03470919324577865,0.03470919324577865,0.037523452157599044,0.028142589118197735,0.07598499061913822,0.03470919324577865,0.07973733583489563,0.19324577861163597,0.10975609756097672,0.0694183864915573,0.037523452157599044,0.0872420262664167,0.06003752345215599,0.03939962476547621
T>G,S_aureus_ST239,0.050619834710742995,0.08057851239669483,0.047520661157024593,0.04235537190082543,0.0444214876033062,0.09607438016528957,0.10433884297520714,0.025826446280990307,0.04855371900826498,0.0888429752066124,0.11363636363636509,0.07954545454545446,0.04545454545454659,0.04648760330578421,0.050619834710742995,0.035123966942148255
T>G,S_aureus_ST772,0.027700831024930928,0.055955678670360866,0.047091412742382294,0.05041551246537355,0.02880886426592612,0.056509695290857045,0.10470914127423737,0.03988919667590077,0.04653739612188328,0.07534626038781224,0.0742382271468142,0.11080332409972371,0.04819944598338033,0.09972299168975192,0.09196675900277136,0.042105263157893986
T>G,S_aureus_CC398,0.02716885315277076,0.06297079983072452,0.04181125687685077,0.03334743969530181,0.03046974185357414,0.12475666525603227,0.0738044858231071,0.03114684722809956,0.0507829030892938,0.10647482014388616,0.13025814642403788,0.08049090139652954,0.030723656369021166,0.06009310198899686,0.08362251375370422,0.03207786711806932
T>G,S_epidermidis_groupA,0.03609718962126502,0.06147306984710947,0.049229207638140454,0.04161644357038641,0.06864175601091149,0.10924316437226403,0.07098902493180144,0.05284527057032391,0.05912580092621953,0.10588086024234021,0.07644483918036027,0.06445473577364619,0.046057222609909014,0.05918924062678444,0.05474846158726184,0.043963712491276355
T>G,S_epidermidis_groupB,0.0267003517114961,0.04641601030366015,0.04180908505473707,0.030762371823450565,0.09080101055134548,0.13156982216278015,0.10055976618616028,0.04151186407093535,0.051270619705750135,0.07267053053945728,0.10759399613612955,0.04200723237727155,0.05394560855996323,0.05280626145539116,0.07306682518452626,0.036508644176945715
T>G,S_epidermidis_groupC,0.036832412523020344,0.059572423732885446,0.04283769717351282,0.035311073744894665,0.08495476018896793,0.095123708863801,0.10897589879093783,0.054608055088476895,0.056609816638641876,0.11209864680919204,0.08567539434702565,0.04539995195772242,0.04171671070542113,0.047962206741932016,0.05508847786051619,0.037232764833051865
T>G,S_haemolyticus,0.04756737203834386,0.07144149032374773,0.06384517996020904,0.04503526858382951,0.07722915536263425,0.12244528847892984,0.05805751492132471,0.05353590160969428,0.04159884246699125,0.11105082293362291,0.07505878097305207,0.054621088804484276,0.03345993850605865,0.059142702116114707,0.04322662325917951,0.042684029661783425
T>G,S_typhimurium,0.021309771309770863,0.11694386694386798,0.022869022869021895,0.020270270270269206,0.01663201663201632,0.09407484407484464,0.04209979209979236,0.03482328482328513,0.03846153846153802,0.17255717255717315,0.19126819126819278,0.11174636174636263,0.021309771309770863,0.03794178794178719,0.03118503118503078,0.02650727650727624
T>G,E_faecalis_pp2,0.04900181488203223,0.06533575317604297,0.050816696914700546,0.06533575317604297,0.032667876588021484,0.13157894736842213,0.032667876588021484,0.02177858439201364,0.032667876588021484,0.1978221415608013,0.09255898366606155,0.08439201451905619,0.032667876588021484,0.02631578947368443,0.05898366606170591,0.025408348457350273
T>G,E_faecalis_pp6,0.06425702811244909,0.0823293172690778,0.050200803212851725,0.04618473895582346,0.058232931726908244,0.04819277108433605,0.04417670682730779,0.04016064257027952,0.030120481927710416,0.11445783132530389,0.0843373493975904,0.06827309236947735,0.03413654618473867,0.08634538152610606,0.09638554216867518,0.05220883534136431
T>G,E_faecalis_pp7,0.02102102102102002,0.046546546546544915,0.07657657657657738,0.03153153153153138,0.010510510510508657,0.0720720720720725,0.06456456456456439,0.030030030030029763,0.10960960960961037,0.21321321321321698,0.07657657657657738,0.12762762762762986,0.0045045045045021635,0.016516516516515152,0.0720720720720725,0.02702702702702651
T>G,C_jejuni_cluster2,0.03290850294844663,0.055925432756323626,0.05630587787711553,0.011984021304925084,0.08331748145330088,0.14285714285714754,0.13372645995815513,0.024158265170246117,0.02092448164352155,0.07513791135628821,0.05326231691078691,0.037473844397942845,0.09073616130873632,0.08845349058398493,0.05021875594445173,0.0426098535286269
T>G,C_jejuni_cluster5,0.0223436296140597,0.05533375358969094,0.03551166211388749,0.021152903270993336,0.06794144428101151,0.16439027806962933,0.10338306366884051,0.017790852419976265,0.033830636688378955,0.07844785319044642,0.0999509700917584,0.024164740491698318,0.07781746865588071,0.08054913497233208,0.07886810954682355,0.03852349933459247
T>G,C_jejuni_cluster6,0.00831792975970079,0.04990757855822362,0.05175600739371339,0.025878003696856694,0.058225508317930705,0.058225508317930705,0.1950092421441858,0.038817005545285034,0.020332717190387404,0.06099815157116221,0.07763401109057638,0.01478743068391811,0.07208872458410079,0.11275415896488189,0.10351201478743308,0.05175600739371339
T>G,C_jejuni_cluster7,0.028083028083028035,0.06616663759520745,0.015582301296583131,0.012268155125293405,0.08186522472237012,0.19832548403977576,0.1430897145182954,0.024594453165876575,0.019129019129016794,0.053607767893480346,0.06831792546078508,0.01622187336472517,0.0803535089249421,0.09029594743880373,0.0719809291237907,0.03011803011802612
T>G,C_jejuni_cluster8,0.018440463645939785,0.034070951879172466,0.023533544081486744,0.009220231822966484,0.09887600983491579,0.15937829293994368,0.13584474885845013,0.018616087109235683,0.023094485423247005,0.10414471373375865,0.08105022831050482,0.031787846856339425,0.06313663505444592,0.07841587636108,0.09176325957147963,0.028626624517033707
T>G,K_pneumoniae_ST11,0.05492589363557125,0.10723626852659145,0.04533565823888398,0.038360941586747785,0.06102877070619042,0.07149084568439472,0.04359197907584993,0.07846556233652963,0.032258064516128615,0.09067131647776797,0.1455972101133405,0.07585004359197854,0.028770706190060513,0.032258064516128615,0.03923278116826481,0.05492589363557125
T>G,K_pneumoniae_ST23,0.033531808210591804,0.10937010341585786,0.013475399561265537,0.04732058915700406,0.033531808210591804,0.01817612033845127,0.024757129426512002,0.047947351927295725,0.0548417424005014,0.14102162331557555,0.2193669696020065,0.07771858351613929,0.04638044500156655,0.022876841115637887,0.022250078345346216,0.08743340645565659
T>G,K_pneumoniae_ST101,0.04705882352941195,0.07593582887700523,0.03315508021390398,0.04491978609625587,0.0352941176470586,0.055614973262031915,0.05775401069518654,0.07700534759358253,0.0705882352941172,0.1497326203208573,0.12620320855615058,0.07165775401069598,0.03743315508021323,0.019251336898394537,0.058823529411765316,0.03957219251336931
T>G,K_pneumoniae_ST147,0.0393198724760895,0.10308182784272082,0.02019128586609998,0.045696068012752264,0.07332624867162547,0.05100956429330457,0.035069075451646434,0.04144527098831042,0.07226354941551501,0.13921360255047896,0.12008501594048944,0.10201912858661037,0.03825717321997904,0.042507970244420885,0.025504782146652284,0.05100956429330457
T>G,K_pneumoniae_ST258_512,0.042896174863387565,0.08879781420765055,0.04180327868852483,0.018579234972677168,0.060655737704917674,0.047540983606557105,0.043442622950819895,0.039071038251366055,0.05300546448087465,0.11721311475409912,0.1926229508196734,0.07486338797814196,0.028142076502731917,0.031693989071037744,0.0718579234972675,0.04781420765027278
T>G,N_gonorrhoea,0.036411530629401376,0.0486763689353031,0.021914174155099324,0.01942944682122995,0.09488669269714417,0.27799988790703983,0.09028154015730445,0.04629439348366196,0.03534664748631469,0.07009546583966993,0.06294019840454346,0.020316849440469287,0.057699852410932166,0.06190333850206457,0.03489827563659478,0.020905337493226983
T>G,N_meningitidis_cluster1,0.02888672508925592,0.03213242453748758,0.029211295034078613,0.027588445309963572,0.0756247971437852,0.14021421616358465,0.07465108730931554,0.04446608244076568,0.03213242453748758,0.08893216488153295,0.07432651736449283,0.047711781888997336,0.10775722168127277,0.10321324245374876,0.06069457968192082,0.03245699448231028
T>G,N_meningitidis_cluster2,0.023298589822195164,0.014101778050275827,0.019619865113425963,0.015328019619864951,0.04475781729000573,0.20968730839975647,0.0956468424279589,0.023298589822195164,0.014714898835069472,0.08461066830165496,0.15389331698344683,0.02697731453096253,0.07725321888412022,0.09993868792152176,0.052115266707540464,0.04475781729000573
T>G,N_meningitidis_urethritis,0.08040935672514607,0.04239766081871318,0.0687134502923974,0.08040935672514607,0.06725146198830396,0.21637426900584994,0.04239766081871318,0.03216374269005793,0.051169590643275004,0.036549707602339464,0.1228070175438605,0.036549707602339464,0.03216374269005793,0.03216374269005793,0.02192982456140268,0.036549707602339464
T>G,L_pneumophila_ST1,0.04719764011799439,0.05678466076696063,0.03171091445427714,0.042772861356932604,0.047935103244837046,0.05604719764011798,0.07743362831858427,0.03687315634218159,0.02949852507374527,0.11799410029498697,0.06784660766961609,0.14601769911504497,0.03834808259587081,0.07374631268436513,0.053097345132743445,0.07669616519174162
T>G,L_pneumophila_environmental,0.038829487900956194,0.03826674169949251,0.06021384355655717,0.018570624648282578,0.05683736634777779,0.07484524479459669,0.1457512661789557,0.050084411930219015,0.0534608891389984,0.09341586944288197,0.08497467642093484,0.05908835115362981,0.06359032076533386,0.07484524479459669,0.05683736634777779,0.030388294879009077
T>G,Y_pestis,0.026030368763556997,0.052060737527114764,0.01843817787418643,0.006507592190889057,0.05856832971800459,0.026030368763556997,0.03741865509761362,0.020607375271149447,0.1317787418655103,0.1588937093275496,0.1952277657266817,0.17462039045553227,0.018980477223427186,0.00921908893709283,0.0504338394793925,0.015184381778741903
T>G,C_acnes,0.010803119730184836,0.02028878583473788,0.02761382799325461,0.02418844856661043,0.057230185497470505,0.04010328836424958,0.054911467116356985,0.05791526138279891,0.1651032883642504,0.10139123102866876,0.16273187183811186,0.1411783305227661,0.035465851602023625,0.01939291736930835,0.034569983136593,0.04711214165261408
T>G,E_coli_lineage11,0.03774442928603853,0.07912687585266029,0.02910413824465655,0.0213733515234198,0.11823556161891781,0.0472942246475669,0.06321055025011417,0.04592996816734905,0.07639836289222345,0.07276034561164138,0.13278763074124608,0.07366984993178775,0.04320145520691221,0.04320145520691221,0.05866302864938572,0.05729877216916787
T>G,E_coli_lineage12,0.04208194905869282,0.11701734957549031,0.036544850498338506,0.018826135105204683,0.04798818752307124,0.0612772240679216,0.05389442598744965,0.029162052417866555,0.07050572166851261,0.12181616832779645,0.1447028423772619,0.07899593946105543,0.04282022886673959,0.04761904761904714,0.04724990771502447,0.039497969730527
T>G,E_coli_lineage14,0.04625550660792974,0.08406754772393556,0.023494860499265934,0.027533039647577102,0.06350954478707813,0.06718061674008771,0.07342143906020526,0.04405286343612336,0.07672540381791429,0.11637298091042594,0.1560205580029376,0.08002936857562438,0.027533039647577102,0.03010279001468402,0.05066079295154145,0.033039647577092525
T>G,E_coli_lineage34,0.032660902977905554,0.07492795389049056,0.01344860710854894,0.03073967339096966,0.04803073967339039,0.06916426512968289,0.052833813640729546,0.020172910662823985,0.10566762728146023,0.14024975984630283,0.20845341018251837,0.07012487992315142,0.02497598463016314,0.04034582132564797,0.0393852065321806,0.02881844380403377
T>G,S_sonnei_lineage1,0.048780487804877426,0.1138211382113825,0.024390243902438713,0.024390243902438713,0.14634146341463597,0.04471544715447097,0.04471544715447097,0.03252032520325161,0.02032520325203226,0.1422764227642295,0.13008130081301014,0.048780487804877426,0.04471544715447097,0.048780487804877426,0.04065040650406452,0.04471544715447097
T>G,S_sonnei_lineage2,0.0,0.1333333333333342,0.007142857142856207,0.01428571428571403,0.10714285714285765,0.07619047619047645,0.06904761904761862,0.035714285714285886,0.06428571428571395,0.12380952380952483,0.20476190476190595,0.05476190476190459,0.026190476190474914,0.01428571428571403,0.030952380952381207,0.03809523809523742
T>G,S_sonnei_lineage3,0.03829787234042551,0.13191489361702163,0.008510638297871883,0.03404255319148889,0.025531914893617003,0.07659574468085102,0.048226950354609596,0.03262411347517668,0.051063829787234005,0.1588652482269522,0.21276595744681065,0.04539007092198519,0.04113475177304992,0.01985815602836818,0.059574468085105886,0.01560283687943156
T>G,S_flexneri_PG3,0.035074626865671886,0.07910447761194007,0.0208955223880589,0.017537313432835943,0.0977611940298512,0.08432835820895544,0.058582089552239126,0.06641791044776155,0.040298507462685956,0.15223880597015013,0.10746268656716473,0.09029850746268675,0.04179104477611911,0.03246268656716354,0.03992537313432799,0.035820895522387805
T>G,H_influenzae_Hib,0.006936416184970462,0.06473988439306409,0.01734104046242791,0.028901734104045933,0.11098265895953793,0.14335260115607087,0.2231213872832382,0.043930635838149185,0.03468208092485582,0.07052023121387221,0.04624277456647385,0.023121387283236046,0.04624277456647385,0.06358381502890176,0.03468208092485582,0.041618497109826284
