Sample,M_abscessus_DCCs,M_abscessus_environmental,M_tuberculosis_lineage1,M_tuberculosis_lineage2,M_tuberculosis_lineage3,M_tuberculosis_lineage4,M_tuberculosis_lineage5,M_tuberculosis_lineage6,M_tuberculosis_lineage7,M_tuberculosis_orygis,M_tuberculosis_caprae,M_tuberculosis_bovis,M_canettii,M_leprae,M_avium,M_intracellulare,M_chimaera,M_kansasii_non_MKMC,M_kansasii_MKMC,P_aeruginosa_ST17,P_aeruginosa_ST111,P_aeruginosa_ST146,P_aeruginosa_ST175,P_aeruginosa_ST253,B_cenocepacia_ECs,B_pseudomallei_group1,B_pseudomallei_group2,B_pseudomallei_group3,B_pseudomallei_group4,B_pseudomallei_group5,S_pneumoniae_GPSC1,S_pneumoniae_GPSC2,S_pneumoniae_GPSC3,S_pneumoniae_GPSC6,S_pneumoniae_GPSC54,S_agalactiae_CC1,S_agalactiae_CC10,S_agalactiae_CC17,S_agalactiae_CC19,S_agalactiae_CC23,S_equi,S_pyogenes_phylogroup0,S_pyogenes_phylogroup1,S_pyogenes_phylogroup2,S_pyogenes_phylogroup3,S_aureus_ST22,S_aureus_ST239,S_aureus_ST772,S_aureus_CC398,S_epidermidis_groupA,S_epidermidis_groupB,S_epidermidis_groupC,S_haemolyticus,S_typhimurium,E_faecalis_pp2,E_faecalis_pp6,E_faecalis_pp7,C_jejuni_cluster2,C_jejuni_cluster5,C_jejuni_cluster6,C_jejuni_cluster7,C_jejuni_cluster8,K_pneumoniae_ST11,K_pneumoniae_ST23,K_pneumoniae_ST101,K_pneumoniae_ST147,K_pneumoniae_ST258_512,N_gonorrhoea,N_meningitidis_cluster1,N_meningitidis_cluster2,N_meningitidis_urethritis,L_pneumophila_ST1,L_pneumophila_environmental,Y_pestis,C_acnes,E_coli_lineage11,E_coli_lineage12,E_coli_lineage14,E_coli_lineage34,S_sonnei_lineage1,S_sonnei_lineage2,S_sonnei_lineage3,S_flexneri_PG3,H_influenzae_Hib
M_abscessus_DCCs,1.0,0.8725992219683699,0.9165022433157888,0.9547748733169574,0.9414964205716883,0.94509434513223,0.9328938589058323,0.8998635601952754,0.872800429808952,0.90445127614264,0.9250178758493225,0.9332019146899324,0.8599492320906426,0.8551328362286283,0.8682240418493007,0.8450763530942245,0.9059309469885922,0.9022372493875438,0.9353895331048115,0.9121971494463574,0.8941717610713863,0.9112834913822999,0.9069567548935141,0.9124687251212199,0.91017283078507,0.8307882285518514,0.8061615618596651,0.780487601292201,0.7907189187266704,0.7912047798921452,0.8335741233830964,0.8014736240030441,0.8084770939926607,0.8228970290676245,0.7579727244486778,0.8043501195256033,0.8108018795090103,0.7888293255675373,0.7532784048004659,0.7965134739374675,0.8438304845092245,0.8130609067206592,0.8228427087432981,0.8192760001881851,0.8251868236829353,0.8443935729444303,0.8612099641227549,0.8475176179955731,0.8563185958300649,0.855285105373269,0.8466707955899979,0.8458149291794009,0.8626890876246063,0.8688141907649928,0.8633640570068443,0.9066864595702581,0.8800990584273372,0.7658561114281875,0.7804944951279501,0.7646744330750169,0.7774436357056872,0.7839023319124949,0.8952743492961223,0.7616750835703588,0.8757749528821679,0.8883457927553414,0.9024925500792667,0.8993686356446202,0.8066946470582872,0.8621405269563336,0.8591538403774839,0.8716277228958986,0.8239829262180132,0.8521763322802274,0.9405759922244983,0.8722876919224668,0.8537518449042159,0.8684813686755554,0.8590962896658328,0.776868126267802,0.7816581929292767,0.826497389669529,0.8750887034478677,0.8705811065607348
M_abscessus_environmental,0.8725992219683699,1.0,0.7956540385862568,0.8707967868180917,0.8388164071687126,0.8434135465871132,0.8092548213952306,0.7738499807316559,0.7632434468684954,0.9241062076506131,0.8804869322541834,0.8540990238137224,0.9875364135065476,0.69117734696668,0.9582947034152618,0.9563074510133669,0.9301471927274141,0.9815876566741297,0.9278517854924611,0.8004497617652649,0.8480406830801648,0.7529892447167262,0.7931586893806568,0.8500899176401138,0.870879251919113,0.9393176887789553,0.8878743421331746,0.8706086085028338,0.879309583722094,0.8974397928173028,0.6775785486496811,0.6159338833123726,0.6413452113905331,0.6613028613076868,0.6098736420324755,0.6160503381744227,0.6256250778650665,0.5930607765421175,0.554663366381512,0.6021018905894403,0.6980609969276379,0.6416072591404243,0.6775773774567779,0.6725060841075045,0.6558977642882322,0.68233385571247,0.6880171791857045,0.6839893984671049,0.676204555510172,0.6801812270716081,0.6913248605940427,0.6860414074556869,0.6867952219880012,0.7257535230962395,0.6950728271056195,0.7754168026980494,0.6963055729923434,0.6664139432545809,0.680139695202909,0.6649157508681582,0.6887534280928905,0.693624508694637,0.7184222357225244,0.5964030521714827,0.6977886009344318,0.6982852909042353,0.731701771790611,0.917385531974235,0.6817901100820988,0.7736099978961885,0.7468351787130412,0.7004325889871945,0.6602065004071572,0.6590592745249055,0.8634381295619444,0.7098153215899975,0.691203476094321,0.741354251534855,0.7114431423604493,0.6312822999264383,0.6705176785371716,0.6684307471592421,0.7434236850445228,0.7274916996365792
M_tuberculosis_lineage1,0.9165022433157888,0.7956540385862568,1.0,0.9509189301269853,0.9807137744844799,0.9787187479305606,0.9902908341822709,0.9770756309133712,0.882935851445202,0.8547877904956322,0.8828852769065594,0.9076910876656397,0.7686214129677131,0.9343316275786228,0.7867880247979914,0.7468241993694843,0.8122354445601434,0.8207205832691438,0.8777923102283907,0.9100170068556703,0.8797130733184538,0.9162648031354355,0.8897950693287657,0.8853269027599994,0.8857565026023122,0.7681815217739267,0.718347063377469,0.6884819312305213,0.7103445745086528,0.6836346348113318,0.9315048336503827,0.8875692185782346,0.913011098954857,0.9083292762962281,0.8151407604285092,0.9033316162816994,0.9200828363103633,0.8910717716324474,0.8491943609877249,0.9071017869985375,0.9111464608875502,0.9014956697228727,0.9191062975640631,0.9154785344012027,0.8987104071441809,0.8989342796027632,0.912365830410554,0.8984588179010062,0.9215420311602105,0.928583867211616,0.9194690955510932,0.9174514970022465,0.9296141922349955,0.9303577109874462,0.9169887811419909,0.9030298757286137,0.9308033742569273,0.8144360746348163,0.8259041496969765,0.8124493550212825,0.810200622421887,0.81753159844663,0.9365567536012265,0.8202402641415305,0.8835905729184844,0.906507957216228,0.8733850888302599,0.8313407896814761,0.8752222518571121,0.9001881582719923,0.9097451390141047,0.8734482726579254,0.9047480332913698,0.8768702367134348,0.9367504504733254,0.9287534045579912,0.934511827378074,0.9180973688143401,0.9282634886105685,0.8842620438110663,0.8840750090210107,0.9108052615783837,0.9293152224083739,0.9192528236114753
M_tuberculosis_lineage2,0.9547748733169574,0.8707967868180917,0.9509189301269853,1.0,0.9758706661306564,0.9847168391222215,0.9613122102285595,0.927273650262396,0.9174792591651146,0.9146259169619538,0.938598865753331,0.9517665200550159,0.8551952763714895,0.8831011664011863,0.8739593970250606,0.845181670394566,0.8901991647119532,0.9001570725250877,0.9360478166537578,0.9143452410660214,0.9115643097882739,0.9146037592183228,0.9135684691868602,0.9425191032216391,0.9127065132580867,0.8455071097729436,0.7968191328288171,0.7662793766419669,0.7775849863411379,0.7736950001623217,0.8655081485267389,0.8266973319094414,0.8454352812385528,0.850975076782421,0.7765187850761485,0.8225562189036504,0.8344909443713974,0.8109026370810901,0.7733648738163496,0.8190788779745828,0.878007222568144,0.8414517714288862,0.8611348105560241,0.8521645002843424,0.8364152621137484,0.8656004589168952,0.8726507779913949,0.8697547871798802,0.8747372487585383,0.8748420226464649,0.8592407151849087,0.8573422149948534,0.8808573645074768,0.8888579346121416,0.8838139781888424,0.9055995781663657,0.8861383454680778,0.7780588822667791,0.7918131743012817,0.7735499386177785,0.7866044778467053,0.7925344981872978,0.9007035659859244,0.7649142393228012,0.8744850032724045,0.8830510418068785,0.8884689071477236,0.9101843655883506,0.8293573715226419,0.8836209430186107,0.8905044535833443,0.8803405512880559,0.835069302142779,0.8585168123369405,0.9628619251842947,0.8858698216576054,0.8726854651522398,0.8832864693815419,0.8893772443032063,0.8079277951560997,0.8078772511986633,0.8474708963118539,0.8930837552076272,0.8955728594803051
M_tuberculosis_lineage3,0.9414964205716883,0.8388164071687126,0.9807137744844799,0.9758706661306564,1.0,0.9934924779559026,0.9854533398310111,0.960778635415278,0.908125777675572,0.8997526152749975,0.9136353120029596,0.9324552030520398,0.8207595036588229,0.9136282195306459,0.8284769351588331,0.7958148592554484,0.8649197440495134,0.8643549098256613,0.9136751168735586,0.9263856767926949,0.907550695319079,0.9197654462461868,0.903966628858705,0.9116295901253104,0.9189921083435242,0.8116739032506535,0.7745494598263137,0.7471277740235444,0.763830967081273,0.7424432388729794,0.9086281586263384,0.8681411624538518,0.888734695649015,0.8887531229381135,0.8113861899891853,0.8744631621452166,0.888724530764843,0.8637530319352963,0.8283699626092432,0.8725319088809957,0.9014105091592651,0.8766282201902874,0.8927711520347815,0.8942000572426049,0.8738405154053425,0.8877556094617344,0.9000575933903502,0.8938059874597083,0.9090846211486254,0.9064793406249781,0.89312747919163,0.8900311333244244,0.909515358886482,0.9172887034147469,0.9091173021022481,0.9129492731095081,0.916004981007739,0.8070588978032003,0.817549090904501,0.8010625754131527,0.8092442927490519,0.8152150564749578,0.9275657706917868,0.7986955776147859,0.8863413864796983,0.900056298351491,0.883716718854669,0.8738827441694883,0.856926376640167,0.8969042347761214,0.9060783794684889,0.8874418936147472,0.8758520214812336,0.8652919713834282,0.9478589808208537,0.9164545206912159,0.9152963174521935,0.9135466282371354,0.9178580012118048,0.8595840697547914,0.8581758840740173,0.8890124539841966,0.9226959412049148,0.9146720154622218
M_tuberculosis_lineage4,0.94509434513223,0.8434135465871132,0.9787187479305606,0.9847168391222215,0.9934924779559026,1.0,0.9841183471697985,0.9575348717092808,0.91610388653523,0.9030109806326918,0.9249754088838686,0.9400866112833347,0.8244592748317172,0.9094373194616819,0.845400656914219,0.8121611525659262,0.8697219813183104,0.8738381147773194,0.9160435456201226,0.9179800176412499,0.9037298130119523,0.9182269393845981,0.9059238939277131,0.9213987623531765,0.9131420200091616,0.8202619372458925,0.7655942221221208,0.7356778303183014,0.7515991991650773,0.7362098478431598,0.8955070585271478,0.8524295950622386,0.8753953960553881,0.8760195899542301,0.7970400620788148,0.8580393187079859,0.8733956145216933,0.8433552996524221,0.808801522786119,0.8563885831796296,0.8918412085183458,0.8636640494089453,0.885337184941261,0.8830603540374465,0.8590868322899785,0.8756061156091081,0.8877312076302107,0.8828127965914117,0.8952596333265518,0.8970621291087826,0.8843496214217943,0.8822293555283576,0.9002438554620503,0.9108122832406692,0.898834202355439,0.9045505899977012,0.9062207433117528,0.7954447112560853,0.8072417884557157,0.7918423082410265,0.7989997148759935,0.8055799927462376,0.9241737146549629,0.7983977949082498,0.8809848097869267,0.8965698364425816,0.885642260124193,0.8811425522054811,0.8476598881894113,0.8924834919007316,0.9018152776615603,0.8808362229883897,0.8667505496071157,0.8682436471895173,0.9536276282705144,0.9083444178201492,0.9051177769192302,0.9064311307564521,0.9109524071261275,0.8481765992222043,0.8487945817166489,0.8787154097213158,0.9153083444359837,0.9075452373404078
M_tuberculosis_lineage5,0.9328938589058323,0.8092548213952306,0.9902908341822709,0.9613122102285595,0.9854533398310111,0.9841183471697985,1.0,0.9728098055530927,0.9010912112537679,0.871155566472125,0.8985736749845754,0.9191422254308158,0.7869200559969305,0.9222971883707796,0.8009867740325189,0.7653781205876153,0.8334992414224016,0.8379640156373328,0.900174786528072,0.9249719805193597,0.9011812595107586,0.9324944144049367,0.9054533875446729,0.8990958307280597,0.8991294590602379,0.7773589832852477,0.7441204007538926,0.7189900090357011,0.7358351383452147,0.7107008024505834,0.9254544928976846,0.8850674843351014,0.9070588634587466,0.9024796240696854,0.8146254463134635,0.8978438038765132,0.9108239635392774,0.8837136880298163,0.8467064310282537,0.898134333397608,0.9113073909701902,0.8938658160618579,0.9125731622479744,0.9079032701578748,0.8927289768701835,0.8953602193854697,0.9078032956299691,0.8980476279575994,0.9199956496941524,0.9192679017848017,0.906307678071407,0.9034146428137166,0.9212902032747287,0.937874998207448,0.9207362019663986,0.9102078746723772,0.9283771687160629,0.805103647764981,0.8169939705883069,0.7987618385743878,0.8040260821847609,0.811631957142131,0.9412628850204997,0.8236239154405359,0.8942421452787912,0.9157112537829789,0.891082127465875,0.8409997593329356,0.860537956393226,0.8937161602113008,0.9050602097385985,0.8810951781003225,0.8927678231273896,0.8819280495871847,0.9430655319429797,0.9314415906142034,0.9358612180651567,0.9251554727475598,0.9358097980687993,0.8849019282562208,0.8802245082200045,0.9133296238322474,0.9345816845418972,0.912385214067425
M_tuberculosis_lineage6,0.8998635601952754,0.7738499807316559,0.9770756309133712,0.927273650262396,0.960778635415278,0.9575348717092808,0.9728098055530927,1.0,0.8545244685322958,0.8306794581543168,0.8711276061577781,0.895814685299325,0.7409640376374171,0.9204969001568656,0.7629390370153996,0.7132197335495499,0.775982562897578,0.7930124378408209,0.8510190474967861,0.9109481253519384,0.8628180399082753,0.9153029355437412,0.8584233998826135,0.8789123817581478,0.8551905028669629,0.7450519690300206,0.7093771177941972,0.6710906194577883,0.694619938520614,0.6748121912011792,0.9307055443552105,0.8894435805702967,0.9165070299816745,0.9100584870775388,0.8192073325444319,0.9106555235332197,0.9223842436673937,0.8913074960293564,0.8535260271273972,0.9100119612554151,0.9100964855982718,0.8979217134906559,0.9143469281303609,0.9183840495559614,0.8915311976118433,0.8973923637546405,0.9057028506650441,0.8965348611601084,0.9175714414223533,0.914329216899999,0.9017752931710591,0.898228851796897,0.9168643055466772,0.9367733471886788,0.9126131686280619,0.8979798428506153,0.9313454625408953,0.8088371276994731,0.8240171729164009,0.8050933718774279,0.8057295496434643,0.8149872367577099,0.9366252590746873,0.8085234795622258,0.8851260759995189,0.907396732839951,0.8727117909146588,0.8186724459541667,0.8622712001302952,0.9078735685913033,0.9138891873316336,0.8744954726799875,0.898342637408579,0.8709572586323101,0.9199140924283312,0.9225877800721317,0.9421902284259379,0.9261237555861186,0.9330055629016483,0.8879138079109465,0.8815235946551363,0.9141865130402889,0.9329160739183502,0.9001468607465833
M_tuberculosis_lineage7,0.872800429808952,0.7632434468684954,0.882935851445202,0.9174792591651146,0.908125777675572,0.91610388653523,0.9010912112537679,0.8545244685322958,1.0,0.8193632404148686,0.8657028064151363,0.8745637227131052,0.7674255310191529,0.8087241436111091,0.7662955041486396,0.7434630811990507,0.8285196120311598,0.8055870939149856,0.8741470682901075,0.84614426687919,0.8256497120507007,0.8487682122275493,0.8431657205357538,0.8612231358286072,0.8290638946891943,0.7399500216227802,0.690791648427925,0.6654438864890044,0.6707879860814175,0.6685925492650626,0.7982296986758181,0.7720535389304576,0.7823758906479319,0.7849928905213528,0.713681132914835,0.7676387210079625,0.7772456082653597,0.7548766677139702,0.7185813627555493,0.7606087215359458,0.8024694080088308,0.7757951332595796,0.7957024858581402,0.7775784188775704,0.7820142409462127,0.7917266935525479,0.8019795310465192,0.7965362163828631,0.8118665931151277,0.8092651205404305,0.7898544421782376,0.7869562473633384,0.8118919397536031,0.8435464230426823,0.8205671228300053,0.8372538926013565,0.8175572060874452,0.693773606159154,0.7037695950900088,0.686036830445175,0.7008802913979885,0.7098656480226198,0.8565912954295156,0.7511507720683775,0.8319680485464446,0.84546404677465,0.8560929200199845,0.8165427494635258,0.7608808039581934,0.7911002670499776,0.8035632830031615,0.8165488740852785,0.760728458573298,0.819568202261212,0.8729566361049863,0.8401080960700424,0.8225964265840993,0.8333080432255574,0.8428437043906554,0.7684626486448641,0.7615506622750625,0.804994789322217,0.8397426362088714,0.827968452748764
M_tuberculosis_orygis,0.90445127614264,0.9241062076506131,0.8547877904956322,0.9146259169619538,0.8997526152749975,0.9030109806326918,0.871155566472125,0.8306794581543168,0.8193632404148686,1.0,0.9388136263433805,0.9349184906776025,0.908675620380785,0.777571497292566,0.909404383922737,0.8939770524823575,0.8872655628179659,0.9246970169081465,0.9106260921612161,0.8650340241635326,0.9079482548517352,0.8398253549677617,0.8511153559232165,0.8884776911481623,0.9185575379494064,0.8815005341103666,0.8168229415812923,0.8068242483478691,0.814459891126479,0.8133174905067931,0.7592021801480057,0.7107663092883543,0.7310518531454143,0.742332127036324,0.6769708469920463,0.7137268640414477,0.7201305970354548,0.6934257988289807,0.6601910837140348,0.6984588845100508,0.7926386503571988,0.727020957070384,0.7516958427901338,0.769976482244302,0.7436697197528308,0.7716225429905815,0.7765185993836747,0.7690026877607034,0.7725983084360987,0.7684329464651469,0.7648384541868304,0.7660342189631943,0.7736767713209172,0.8184885690317366,0.7758457786896173,0.8394387465493459,0.7910143028711203,0.7303972188352935,0.7407571420132936,0.7190089089616938,0.7394476086982029,0.7443258108283651,0.814992414148387,0.7012096552611903,0.775600671075595,0.7771803497071629,0.8113782604623313,0.8905782496271102,0.7564843510099734,0.8076107471946581,0.7954238078894224,0.7972182912649549,0.7397328191273346,0.7469238367079395,0.9048056135222099,0.8002925780792602,0.7819745848247258,0.8115055111439017,0.8021618066632675,0.7154400355602718,0.735325612494089,0.7503966381961985,0.8259513593307191,0.8084246273443495
M_tuberculosis_caprae,0.9250178758493225,0.8804869322541834,0.8828852769065594,0.938598865753331,0.9136353120029596,0.9249754088838686,0.8985736749845754,0.8711276061577781,0.8657028064151363,0.9388136263433805,1.0,0.9813204250606167,0.8541886702902635,0.811619516780794,0.8828567392828633,0.8520558343429437,0.8809632477797019,0.8882330023014223,0.8988670647705458,0.893651461933634,0.8951376860807992,0.8725098219063551,0.8586407331549403,0.9370176944060216,0.8848744261198747,0.8504623554380419,0.7847636275311468,0.7528182091904023,0.761458992503354,0.7775851173730477,0.795888247016259,0.7503003756125733,0.7680604998532466,0.7804892997615993,0.7072698272379928,0.7626146898878587,0.7695734071620016,0.742606139243615,0.7080485761297625,0.7490825201452016,0.8476402814763848,0.7765203236127866,0.8156904364019486,0.819613332554111,0.7871400990911253,0.8276229319721778,0.8215027677815253,0.820188821917792,0.8238117340019326,0.8085720167562617,0.7927724162809987,0.798143978590483,0.81190432598766,0.8597807820017487,0.8207575212363691,0.8788353541643329,0.8418572214204503,0.768000243100383,0.780346622300716,0.7565328604578023,0.7814169589019802,0.7894588288371828,0.854954824874986,0.7111522887162116,0.8174427721325521,0.8201803398334365,0.8493462642777553,0.9076851410519492,0.7740466637594821,0.8377840772170771,0.829369449933966,0.8494019568014088,0.7711451580795551,0.7819487070901235,0.9358040367599368,0.8380095488801002,0.8245415506701811,0.8513397668390742,0.8370814538428091,0.7566337436697204,0.760117124863886,0.791630554620117,0.8654695901173886,0.8572263537878093
M_tuberculosis_bovis,0.9332019146899324,0.8540990238137224,0.9076910876656397,0.9517665200550159,0.9324552030520398,0.9400866112833347,0.9191422254308158,0.895814685299325,0.8745637227131052,0.9349184906776025,0.9813204250606167,1.0,0.8241640083279322,0.8447697653999893,0.8540299868783074,0.8182385152378293,0.8570355824603906,0.8631794355340041,0.886529328593182,0.9108081983566443,0.906585842139622,0.9033842962112926,0.876101666413211,0.941026841336346,0.8927851988708879,0.8301400929656468,0.7712600290086609,0.7420388652204613,0.7477467734817845,0.754189279159187,0.8373567905726289,0.7907086457950334,0.8145881441975689,0.8214336276186228,0.7446882098554625,0.8026012709520631,0.8143203276206608,0.7842488811594713,0.7533782111431968,0.795359949024625,0.8833793434972433,0.8188001197144371,0.850462997237044,0.8578533676063415,0.821925015225279,0.864685130274592,0.8566691228810706,0.8558018166929564,0.8628940878673329,0.8499356204708436,0.835536280788631,0.839693332379607,0.8516440502943508,0.8948543710583511,0.8484310613376446,0.8987390020758624,0.8759862668876897,0.8128893239599256,0.825557002437523,0.8046228928261697,0.8222845770792063,0.8297089173529597,0.8812127051288682,0.750542809900963,0.8402696119706845,0.8407821359964682,0.8714163150853325,0.9102473729390883,0.8222001992583304,0.8801678668437818,0.8698188320245733,0.881916694902944,0.8225815346712789,0.8179900853598483,0.9564180516447267,0.8743354304436931,0.8617058004672944,0.880099164001136,0.8724117480659392,0.7954013652150757,0.8027232152651365,0.8288606066324935,0.8932749614329581,0.9018678753920268
M_canettii,0.8599492320906426,0.9875364135065476,0.7686214129677131,0.8551952763714895,0.8207595036588229,0.8244592748317172,0.7869200559969305,0.7409640376374171,0.7674255310191529,0.908675620380785,0.8541886702902635,0.8241640083279322,1.0,0.6602000976722019,0.943986624991087,0.9490266596870575,0.9460286387294212,0.9840514430899592,0.9345967724175447,0.7810280777172293,0.8188370052821725,0.7351198666765686,0.775013301687846,0.8271441341722529,0.8625922560452237,0.909253574157765,0.8842358917933592,0.8644384510234345,0.8759978634494858,0.8984070428927108,0.6434470076469302,0.5855852764660032,0.6071774944590931,0.6275042274144076,0.5757206725023984,0.5771594179024222,0.587433791184501,0.5529756667454099,0.5143449709834235,0.5619498801308407,0.661754518916178,0.6025942757245094,0.6339919385537952,0.6263706490766123,0.6266951372914029,0.6427525529088732,0.6573759819191561,0.6466954794225338,0.6409079570995302,0.6535786055337153,0.6636649199048908,0.6600237235638738,0.657406466213733,0.6938242447964934,0.6678570785994242,0.7520225003379734,0.6657744570113232,0.628868456261259,0.6427525697370292,0.6278522611414756,0.6522394501381573,0.657371993753233,0.6970783760551826,0.5959192378117321,0.6910919988824508,0.6892453899372453,0.7246349475710094,0.9099150945941121,0.6588878096766574,0.7446752835350479,0.7274571856968072,0.6785242292642918,0.6253554237428837,0.6457459613940775,0.8357386677106393,0.6832731589066253,0.6623161746988743,0.7192411219892455,0.6867449828154528,0.6054638650895318,0.6486649492994729,0.6426698966711226,0.7192074333950591,0.6962043788977629
M_leprae,0.8551328362286283,0.69117734696668,0.9343316275786228,0.8831011664011863,0.9136282195306459,0.9094373194616819,0.9222971883707796,0.9204969001568656,0.8087241436111091,0.777571497292566,0.811619516780794,0.8447697653999893,0.6602000976722019,1.0,0.6995304202901418,0.6482496203734454,0.7089712881536699,0.7188146661521494,0.7991807340958715,0.8780959024439229,0.8485403445239997,0.8764577859642919,0.860037357534627,0.8480916158770868,0.8436007717614378,0.6633806817118781,0.669562369366021,0.64471588741075,0.6660333561719783,0.6284527945775735,0.9448456141966762,0.922636104771499,0.9383793824911544,0.930264038375007,0.8465252034794708,0.9075273994939084,0.9298321082677423,0.9058567920156249,0.8816238534166126,0.9207704937513485,0.9168863010631084,0.9213896800626085,0.918313806457455,0.9062668408592321,0.9158335039869308,0.9063222785989673,0.9180610063606779,0.9243665023725949,0.9367144952295104,0.950662332417597,0.9183687584951599,0.9122373835510394,0.9459781458501054,0.9065632380311806,0.9404266269145549,0.9051778955451517,0.9358928330479412,0.7940917722281616,0.7987962372717051,0.7852329493017273,0.7812735693021473,0.7827107906628865,0.9175804270738969,0.817590843406966,0.8743211092425474,0.9016562348407245,0.8422573429883197,0.7646813750734529,0.8774771914969322,0.8702055591743476,0.889183336982743,0.8767207473735867,0.9056357776195997,0.8796934152171766,0.9005897526429281,0.9252787902754854,0.9235289268920365,0.8915198768444821,0.9125794735999734,0.906412465732918,0.8704819260240999,0.9117640701611118,0.9104378321938396,0.9124836136509332
M_avium,0.8682240418493007,0.9582947034152618,0.7867880247979914,0.8739593970250606,0.8284769351588331,0.845400656914219,0.8009867740325189,0.7629390370153996,0.7662955041486396,0.909404383922737,0.8828567392828633,0.8540299868783074,0.943986624991087,0.6995304202901418,1.0,0.9932353071359092,0.9195666669627983,0.9695772038717929,0.8950591048182973,0.7660215177399251,0.8286517989214217,0.7484518136952708,0.777963602147548,0.8556584709140952,0.8458349690579188,0.9298524049045681,0.8076707720578672,0.7993090489819461,0.7951100940841385,0.8201590345811391,0.6460345877385505,0.5938893434681771,0.612048874904281,0.631137018366405,0.5859195950334234,0.5836769985435869,0.5882001793582472,0.5565111485470474,0.5199161324178301,0.5696723811429747,0.6673330773249091,0.6158758158538246,0.6513333798755426,0.6384816029192979,0.6376030699658423,0.6439140369719601,0.6534621092547426,0.658435402569678,0.6439574285966458,0.6555458316511587,0.6599992743115097,0.6569752126455821,0.6651553652083656,0.699424145792506,0.6721856921075221,0.7547960262377527,0.6733878699467358,0.5935030772475085,0.6079281473957041,0.5910952257793921,0.6130256560134393,0.6180985949887777,0.6991777737532566,0.5665534111676588,0.6778981334262835,0.6901390047719984,0.7116019159726061,0.8771464444116708,0.631929379907536,0.7156121815827694,0.7066171033882663,0.6863722842993488,0.6209444065394053,0.6426842952005761,0.8611384673725789,0.676380351783225,0.6501509280440284,0.6869283596036478,0.6704197686192148,0.5918370971717709,0.6076003949337166,0.6252812301829174,0.7019907045315851,0.690948325863003
M_intracellulare,0.8450763530942245,0.9563074510133669,0.7468241993694843,0.845181670394566,0.7958148592554484,0.8121611525659262,0.7653781205876153,0.7132197335495499,0.7434630811990507,0.8939770524823575,0.8520558343429437,0.8182385152378293,0.9490266596870575,0.6482496203734454,0.9932353071359092,1.0,0.9187095749592912,0.9664910588072735,0.885805206222352,0.7310081545820569,0.8049598846334994,0.7076037987101431,0.7539511128459344,0.8203176635949041,0.8293836020212788,0.9319392380362596,0.8028220692282417,0.8028840370108059,0.7960389780155076,0.8200159495016635,0.5944198334449374,0.5436140376111559,0.5585230159157246,0.5802539248827705,0.5412766269431356,0.5282691592709629,0.5330047607456023,0.5029297707981387,0.4667007323150806,0.5141510513598145,0.6140259475694507,0.5623816023257517,0.598061428087176,0.5834121583324785,0.5898230478974132,0.5931533306870846,0.6050886385418159,0.6078974914381983,0.5921527653268654,0.6066347041178635,0.6131603437763687,0.609842941477748,0.6157287981462435,0.6489826595493947,0.6255346978379486,0.7123077196019163,0.6228665371227776,0.5438910169117825,0.5572398958010347,0.542892218291245,0.5653635421392866,0.5701015049046414,0.6542943134718012,0.5305121032921473,0.640179403617138,0.6506970735266667,0.67746940523928,0.8568207118903027,0.5854981786347442,0.6696004821769133,0.6668527575383107,0.6399047218767782,0.5668339976152988,0.6020591415280759,0.8275151428095887,0.6309667850669338,0.5981495742839299,0.6384680772065753,0.6230770803180797,0.5429414297276528,0.562312267768915,0.5736296542100718,0.6530585376798381,0.6428454740580557
M_chimaera,0.9059309469885922,0.9301471927274141,0.8122354445601434,0.8901991647119532,0.8649197440495134,0.8697219813183104,0.8334992414224016,0.775982562897578,0.8285196120311598,0.8872655628179659,0.8809632477797019,0.8570355824603906,0.9460286387294212,0.7089712881536699,0.9195666669627983,0.9187095749592912,1.0,0.9591582798763866,0.9482046521532986,0.8154652291442216,0.8057050650451743,0.7970449540931613,0.8153257914826546,0.8594387653289437,0.8806355625435487,0.869162926362398,0.8754922550119608,0.8533356009648486,0.8570931283236173,0.8794009983306605,0.6875225637129408,0.6422168808090627,0.6531283501063793,0.6738988215800273,0.6231685927080443,0.6288946506082297,0.6383654901360609,0.6153679088777525,0.5754818543288266,0.617543305743284,0.6959922840346812,0.649570499273985,0.6723203836350077,0.6785932009761644,0.6777465612304782,0.6788414776180854,0.7031820691695897,0.6901248482830864,0.6922324957384446,0.702163913458582,0.7017494484247848,0.6997226769336999,0.7073094336990536,0.7351506499643302,0.7231777718449032,0.7982527199615892,0.7201192170725376,0.6384579511600593,0.6487671033991872,0.6429753530503021,0.661549667748831,0.6653187830095004,0.7502020119672121,0.6416324339131209,0.7518011984618248,0.7569196538091607,0.7789837237460805,0.8976495982268127,0.6888206237946395,0.7639630069054738,0.7733871672963698,0.7333718970097483,0.6587324001859299,0.695012069006058,0.8666116823850641,0.7248693952965554,0.709876421331142,0.7505719696827354,0.7240401704493953,0.6398668310871299,0.6806270974276617,0.6868814550136904,0.7592128246306344,0.7415702807704456
M_kansasii_non_MKMC,0.9022372493875438,0.9815876566741297,0.8207205832691438,0.9001570725250877,0.8643549098256613,0.8738381147773194,0.8379640156373328,0.7930124378408209,0.8055870939149856,0.9246970169081465,0.8882330023014223,0.8631794355340041,0.9840514430899592,0.7188146661521494,0.9695772038717929,0.9664910588072735,0.9591582798763866,1.0,0.9472847617397243,0.808501786155385,0.8484667248005223,0.7825382547601499,0.8145118962460376,0.8674785192385581,0.8820322493791738,0.9220135734096062,0.8756718058474453,0.8557812894277087,0.8643001448821821,0.8831078561127053,0.6888942745462987,0.6351018609870148,0.6532066571798599,0.6728645753133808,0.6181248176786152,0.631118356102442,0.6369723279744205,0.6031877461390753,0.563191462493091,0.6147797307465419,0.7028075174936728,0.6516477507632583,0.6857331909781635,0.6740927961666859,0.6755132580961581,0.6840474910101151,0.6976014615295575,0.6926234227050238,0.6874905660359333,0.700015967753099,0.7050141007209477,0.7016196097097268,0.7041471629568248,0.7389760994781976,0.7163084491870928,0.7906768180086422,0.7150221435154722,0.6439867709946765,0.6590688090207165,0.6412513799579803,0.6654046385983703,0.6716132310468762,0.7511514828764452,0.6271035403755724,0.7381796553743458,0.7463892645845006,0.7702432184107528,0.91792783457216,0.6844900935745121,0.769984590570088,0.7622537801967921,0.7213443378243932,0.668686283823047,0.6926262755832012,0.876693133804141,0.7295291856118654,0.7076041043559009,0.753518199866033,0.7285353644004086,0.6518003901459913,0.6746046837820127,0.6844094365823311,0.7585443153252199,0.7345949717218115
M_kansasii_MKMC,0.9353895331048115,0.9278517854924611,0.8777923102283907,0.9360478166537578,0.9136751168735586,0.9160435456201226,0.900174786528072,0.8510190474967861,0.8741470682901075,0.9106260921612161,0.8988670647705458,0.886529328593182,0.9345967724175447,0.7991807340958715,0.8950591048182973,0.885805206222352,0.9482046521532986,0.9472847617397243,1.0,0.896750793353402,0.8918863992515477,0.8638067439047173,0.8957045047215106,0.9088253671198356,0.909307407383636,0.8593676144215853,0.8622209655344507,0.8382163982099056,0.85236611818424,0.8564678238378083,0.784021715349176,0.7461642656626648,0.7537359359008925,0.7660998100118449,0.698209681795525,0.7329129847273679,0.7447249082546439,0.7230926343984985,0.6787807439167257,0.725991121028125,0.7913184918752533,0.7525221869891111,0.7673873110014842,0.7722246846648801,0.7707580069562405,0.7786275487202751,0.7986501139679586,0.7823239276350316,0.7931632502187017,0.7992916683959359,0.7907331865760023,0.7886747250556532,0.802739792256784,0.8214554769822048,0.8216566548504356,0.8656055165342709,0.8116057904492643,0.714736280256807,0.7266374698543042,0.7119155696994568,0.7295486081370272,0.734104645518162,0.8469725874104431,0.7484604387614676,0.849122964693478,0.8476494021247806,0.8669845123623334,0.8972793918856543,0.7627688527840412,0.8195191415747389,0.8196173840626432,0.8064200933725036,0.7482770522439331,0.7959534288561804,0.9130971541384766,0.8181094281597526,0.8044654358249147,0.8332407937597989,0.8336405076034683,0.74000143653316,0.759865872679221,0.7861081527258529,0.8337312375201811,0.814192934677071
P_aeruginosa_ST17,0.9121971494463574,0.8004497617652649,0.9100170068556703,0.9143452410660214,0.9263856767926949,0.9179800176412499,0.9249719805193597,0.9109481253519384,0.84614426687919,0.8650340241635326,0.893651461933634,0.9108081983566443,0.7810280777172293,0.8780959024439229,0.7660215177399251,0.7310081545820569,0.8154652291442216,0.808501786155385,0.896750793353402,1.0,0.9352346324814332,0.9366949386783947,0.9225592324293195,0.922568381537103,0.9068684858258328,0.7596661273174107,0.7805921918247363,0.7526920326428956,0.775191320646195,0.7546741362768066,0.9136157210350727,0.900431150870695,0.9019525856407973,0.9036181712043471,0.8306284495112731,0.8773621438704838,0.8917822117347637,0.8847795962933697,0.8468041962009337,0.8858837367029713,0.9087165276430466,0.8875129121684303,0.8912383548307214,0.902033502401207,0.8932790075599171,0.900424758409814,0.8972693940447248,0.8996920913172578,0.9162059956063822,0.904647244189774,0.8809776433246428,0.8798650122388837,0.9147963254974847,0.9203284824605634,0.923978528600637,0.9219273387569961,0.9203063507217982,0.8000615719873423,0.8104583561659646,0.7924034780965183,0.8026540936658515,0.8072951043882898,0.9383129879671782,0.8311832498824169,0.9151284591082968,0.9174526221002596,0.9173019234462655,0.843048453944791,0.8414310371026053,0.8675822175423603,0.8798890081861893,0.9080238945868626,0.8651106103459624,0.8819673546036318,0.9354281165276873,0.9081746017310843,0.9277068260472968,0.9143453042211848,0.9294966964878687,0.8330366217598105,0.8432185182341949,0.8907991390480989,0.9271209920404461,0.9056975036767045
P_aeruginosa_ST111,0.8941717610713863,0.8480406830801648,0.8797130733184538,0.9115643097882739,0.907550695319079,0.9037298130119523,0.9011812595107586,0.8628180399082753,0.8256497120507007,0.9079482548517352,0.8951376860807992,0.906585842139622,0.8188370052821725,0.8485403445239997,0.8286517989214217,0.8049598846334994,0.8057050650451743,0.8484667248005223,0.8918863992515477,0.9352346324814332,1.0,0.9003779589083144,0.9064708592723113,0.901243107529932,0.9137253634667637,0.8155447512258227,0.7751256817176535,0.7744988851857795,0.7843990259365937,0.7580143402845678,0.8635279802219398,0.8376077461153323,0.8452495833784883,0.8605892770261494,0.8053814025849607,0.8323780077576639,0.8344367631808406,0.8289811321665768,0.8005126453449541,0.8251207215467492,0.8760628696288852,0.8420654733802303,0.8564114695373746,0.8532666556529469,0.8393690587481604,0.8567113585797634,0.8532167843955368,0.8682843776888836,0.8652046091067274,0.8594325505106223,0.8368199391986583,0.8325557644699294,0.8658187370480533,0.8867297663879824,0.879138887717184,0.8925591100765459,0.8663698236694026,0.7610955262450462,0.7710523712781946,0.7448858487628962,0.7639178447880834,0.7681735000699575,0.8936961605517678,0.7494683085152387,0.8527477552741675,0.8594637871795993,0.8669046846467927,0.8412768201888113,0.7976242370958847,0.831257940591182,0.831867595252798,0.8597412927364732,0.8171099138096193,0.8277238298021434,0.928913213192423,0.8729081587329515,0.8720547951086884,0.8600158539134302,0.8840255128566872,0.7905004888279927,0.7771094564708437,0.837944321884387,0.8832624819154761,0.8681275377242946
P_aeruginosa_ST146,0.9112834913822999,0.7529892447167262,0.9162648031354355,0.9146037592183228,0.9197654462461868,0.9182269393845981,0.9324944144049367,0.9153029355437412,0.8487682122275493,0.8398253549677617,0.8725098219063551,0.9033842962112926,0.7351198666765686,0.8764577859642919,0.7484518136952708,0.7076037987101431,0.7970449540931613,0.7825382547601499,0.8638067439047173,0.9366949386783947,0.9003779589083144,1.0,0.8929838688773035,0.9048517364871568,0.872340089442415,0.7141034336850098,0.7131014433154076,0.6870271396948033,0.6994406956511477,0.6818812876350027,0.9098374904321248,0.8941233704943135,0.8994496355800355,0.8978024306603213,0.8066503467331574,0.8915079921170286,0.8936656572613595,0.8840276699180282,0.843941332486667,0.8867636955277061,0.912879654261112,0.878461147433784,0.8923180524904312,0.891066154120803,0.8984033995648542,0.8963082963887002,0.9110141890799077,0.8902281317321459,0.9121634853161321,0.907677839917131,0.8869395636511921,0.8884360473275108,0.9142100926139695,0.9496808370550882,0.9202494911606225,0.933359583116464,0.926771467164861,0.8047284418307249,0.8166531095961626,0.7958169292737756,0.8059293923031146,0.8137768690721936,0.9437827827951464,0.8403890449853556,0.9162635346349758,0.9245298796165492,0.9257835732306563,0.8076150971545962,0.8478176517861952,0.8734990682916633,0.8826479334727854,0.8996374796936181,0.8716282320093216,0.9041466685897425,0.9177433740430732,0.9275375366325284,0.9352532894896577,0.9185203190957295,0.9335564947437266,0.8449671115494902,0.8532760796493479,0.9073139500747543,0.9350514853240037,0.9048322916894662
P_aeruginosa_ST175,0.9069567548935141,0.7931586893806568,0.8897950693287657,0.9135684691868602,0.903966628858705,0.9059238939277131,0.9054533875446729,0.8584233998826135,0.8431657205357538,0.8511153559232165,0.8586407331549403,0.876101666413211,0.775013301687846,0.860037357534627,0.777963602147548,0.7539511128459344,0.8153257914826546,0.8145118962460376,0.8957045047215106,0.9225592324293195,0.9064708592723113,0.8929838688773035,1.0,0.8896117409203191,0.8857496725231281,0.7603409743147846,0.7415058694739037,0.7335287224866538,0.7429851447365465,0.716798340588585,0.8546813353526416,0.8360400904844382,0.8411620327933769,0.8495439968002977,0.8069156538802846,0.8290716109349051,0.8385935799776836,0.8242628993641353,0.8043096562521802,0.8350236163041455,0.854684899614033,0.8454753361908663,0.8419819384254545,0.8524913346470563,0.8339756037490618,0.8481695663808272,0.8661294878608167,0.8632550794441176,0.8699136138157125,0.8682874881810161,0.8557981191888661,0.8520849549512168,0.8815133998025291,0.861607061743205,0.8769564649802372,0.8730105468144741,0.869927160703696,0.7364673749114086,0.7457454373871083,0.7337714941987071,0.7410141608543666,0.7445568424904415,0.892612148183605,0.7915941474230926,0.8687902894062358,0.8895444591316565,0.8891970390963618,0.8033461352299576,0.7845846679911993,0.8116074224161479,0.8097519252552323,0.8488322289359989,0.8126926012176656,0.8636769727073513,0.9108469749721841,0.8723695347801962,0.8649277196044358,0.8598751250677109,0.8793254297858948,0.7842222019047465,0.7820931033443697,0.8422945084426056,0.8641167451789098,0.8685422500999629
P_aeruginosa_ST253,0.9124687251212199,0.8500899176401138,0.8853269027599994,0.9425191032216391,0.9116295901253104,0.9213987623531765,0.8990958307280597,0.8789123817581478,0.8612231358286072,0.8884776911481623,0.9370176944060216,0.941026841336346,0.8271441341722529,0.8480916158770868,0.8556584709140952,0.8203176635949041,0.8594387653289437,0.8674785192385581,0.9088253671198356,0.922568381537103,0.901243107529932,0.9048517364871568,0.8896117409203191,1.0,0.8805509326052714,0.8309438988075145,0.7960040924222898,0.7599364838704589,0.768208464801007,0.7801281518817499,0.8475275679964771,0.8150809415627482,0.8230160777198411,0.8349395488613611,0.7698881557019778,0.7902059040906387,0.8066319647081106,0.7930589034652769,0.7493929313914537,0.7914353541999063,0.870512383602831,0.817593244714585,0.8299607281341524,0.8375987143348685,0.8275117536766815,0.856161022378707,0.8544279433209372,0.8550647971597495,0.8602146188021113,0.8570387595953007,0.8438116975190489,0.8442748908782126,0.8692000506744588,0.8802049584504421,0.8732100858427908,0.9172317758639975,0.8713044865192787,0.7734132390743831,0.7828694970295583,0.7691267122738805,0.7864743492721752,0.7903140594554585,0.8874046439104281,0.7637605175743862,0.8828086070628258,0.8731054093832075,0.8958921836760455,0.896522919573839,0.8053321718710962,0.8613658486302372,0.8547901022554474,0.891131316082754,0.8129795989360786,0.8451938027447989,0.94620623099415,0.8738546614519785,0.859456590721162,0.8787171568523346,0.880654372941615,0.7812412303051907,0.7924760197837114,0.8418499252653427,0.8912916120086903,0.8901561557466102
